   0.000  0.035  0.139  0.313  0.083  0.124  0.305
   0.001  0.037  0.141  0.316  0.084  0.122  0.301
   0.002  0.038  0.142  0.319  0.085  0.121  0.296
   0.003  0.039  0.143  0.322  0.085  0.119  0.292
   0.004  0.040  0.145  0.325  0.086  0.117  0.287
   0.005  0.041  0.146  0.328  0.087  0.116  0.282
   0.006  0.042  0.147  0.331  0.088  0.114  0.278
   0.007  0.043  0.148  0.334  0.089  0.112  0.273
   0.008  0.043  0.149  0.337  0.091  0.110  0.269
   0.009  0.044  0.150  0.340  0.092  0.108  0.265
   0.010  0.045  0.151  0.343  0.093  0.107  0.260
   0.011  0.046  0.152  0.346  0.094  0.105  0.256
   0.012  0.047  0.153  0.350  0.096  0.103  0.252
   0.013  0.048  0.154  0.353  0.097  0.101  0.247
   0.014  0.049  0.155  0.356  0.098  0.099  0.243
   0.015  0.049  0.156  0.359  0.100  0.097  0.239
   0.016  0.050  0.156  0.362  0.101  0.095  0.235
   0.017  0.051  0.157  0.365  0.103  0.093  0.231
   0.018  0.052  0.158  0.368  0.104  0.091  0.226
   0.019  0.052  0.158  0.371  0.106  0.090  0.222
   0.020  0.053  0.159  0.375  0.108  0.088  0.218
   0.021  0.054  0.159  0.378  0.109  0.086  0.214
   0.022  0.054  0.159  0.381  0.111  0.084  0.210
   0.023  0.055  0.160  0.384  0.113  0.082  0.207
   0.024  0.055  0.160  0.387  0.115  0.080  0.203
   0.025  0.056  0.160  0.390  0.117  0.078  0.199
   0.026  0.056  0.160  0.393  0.119  0.076  0.195
   0.027  0.057  0.161  0.397  0.121  0.074  0.191
   0.028  0.057  0.161  0.400  0.123  0.072  0.188
   0.029  0.057  0.161  0.403  0.125  0.070  0.184
   0.030  0.058  0.161  0.406  0.127  0.068  0.180
   0.031  0.058  0.160  0.409  0.129  0.067  0.177
   0.032  0.058  0.160  0.412  0.131  0.065  0.173
   0.033  0.059  0.160  0.415  0.133  0.063  0.170
   0.034  0.059  0.160  0.419  0.136  0.061  0.166
   0.035  0.059  0.159  0.422  0.138  0.059  0.163
   0.036  0.059  0.159  0.425  0.140  0.058  0.159
   0.037  0.059  0.159  0.428  0.143  0.056  0.156
   0.038  0.059  0.158  0.431  0.145  0.054  0.152
   0.039  0.059  0.158  0.434  0.147  0.052  0.149
   0.040  0.059  0.157  0.437  0.150  0.051  0.146
   0.041  0.059  0.157  0.440  0.152  0.049  0.143
   0.042  0.059  0.156  0.443  0.155  0.048  0.140
   0.043  0.059  0.155  0.446  0.157  0.046  0.136
   0.044  0.059  0.155  0.449  0.160  0.044  0.133
   0.045  0.059  0.154  0.451  0.162  0.043  0.130
   0.046  0.059  0.153  0.454  0.165  0.042  0.127
   0.047  0.059  0.152  0.457  0.167  0.040  0.124
   0.048  0.059  0.152  0.460  0.170  0.039  0.121
   0.049  0.058  0.151  0.463  0.172  0.038  0.118
   0.050  0.058  0.150  0.465  0.175  0.036  0.115
   0.051  0.058  0.149  0.468  0.178  0.035  0.112
   0.052  0.058  0.148  0.470  0.180  0.034  0.110
   0.053  0.057  0.147  0.473  0.183  0.033  0.107
   0.054  0.057  0.146  0.475  0.186  0.032  0.104
   0.055  0.057  0.145  0.478  0.188  0.031  0.101
   0.056  0.056  0.144  0.480  0.191  0.030  0.099
   0.057  0.056  0.143  0.483  0.194  0.029  0.096
   0.058  0.056  0.142  0.485  0.196  0.028  0.093
   0.059  0.055  0.141  0.487  0.199  0.027  0.091
   0.060  0.055  0.140  0.489  0.202  0.026  0.088
   0.061  0.054  0.139  0.491  0.204  0.026  0.086
   0.062  0.054  0.137  0.493  0.207  0.025  0.083
   0.063  0.054  0.136  0.495  0.210  0.024  0.081
   0.064  0.053  0.135  0.497  0.212  0.024  0.078
   0.065  0.053  0.134  0.499  0.215  0.023  0.076
   0.066  0.052  0.133  0.500  0.218  0.023  0.074
   0.067  0.052  0.132  0.502  0.220  0.023  0.071
   0.068  0.051  0.131  0.504  0.223  0.022  0.069
   0.069  0.051  0.130  0.505  0.225  0.022  0.067
   0.070  0.051  0.128  0.506  0.228  0.022  0.065
   0.071  0.050  0.127  0.508  0.231  0.022  0.062
   0.072  0.050  0.126  0.509  0.233  0.022  0.060
   0.073  0.049  0.125  0.510  0.236  0.022  0.058
   0.074  0.049  0.124  0.511  0.238  0.022  0.056
   0.075  0.049  0.123  0.512  0.241  0.022  0.054
   0.076  0.048  0.122  0.512  0.243  0.022  0.052
   0.077  0.048  0.121  0.513  0.246  0.023  0.050
   0.078  0.047  0.120  0.514  0.248  0.023  0.048
   0.079  0.047  0.119  0.514  0.251  0.023  0.046
   0.080  0.047  0.118  0.514  0.253  0.024  0.045
   0.081  0.046  0.117  0.515  0.255  0.024  0.043
   0.082  0.046  0.116  0.515  0.258  0.025  0.041
   0.083  0.046  0.115  0.515  0.260  0.025  0.039
   0.084  0.046  0.114  0.515  0.262  0.026  0.038
   0.085  0.045  0.113  0.514  0.265  0.027  0.036
   0.086  0.045  0.112  0.514  0.267  0.027  0.034
   0.087  0.045  0.111  0.514  0.269  0.028  0.033
   0.088  0.045  0.111  0.513  0.271  0.029  0.031
   0.089  0.045  0.110  0.512  0.274  0.030  0.030
   0.090  0.044  0.109  0.511  0.276  0.031  0.028
   0.091  0.044  0.108  0.510  0.278  0.032  0.027
   0.092  0.044  0.108  0.509  0.280  0.033  0.026
   0.093  0.044  0.107  0.508  0.282  0.034  0.024
   0.094  0.044  0.107  0.507  0.284  0.035  0.023
   0.095  0.044  0.106  0.505  0.286  0.037  0.022
   0.096  0.044  0.106  0.504  0.288  0.038  0.021
   0.097  0.045  0.105  0.502  0.290  0.039  0.020
   0.098  0.045  0.105  0.500  0.291  0.041  0.018
   0.099  0.045  0.104  0.498  0.293  0.042  0.017
   0.100  0.045  0.104  0.496  0.295  0.043  0.016
   0.101  0.045  0.104  0.494  0.297  0.045  0.016
   0.102  0.046  0.103  0.492  0.298  0.046  0.015
   0.103  0.046  0.103  0.489  0.300  0.048  0.014
   0.104  0.046  0.103  0.487  0.302  0.049  0.013
   0.105  0.047  0.103  0.484  0.303  0.051  0.012
   0.106  0.047  0.103  0.481  0.305  0.053  0.012
   0.107  0.047  0.103  0.478  0.306  0.054  0.011
   0.108  0.048  0.103  0.475  0.308  0.056  0.011
   0.109  0.048  0.103  0.472  0.309  0.058  0.010
   0.110  0.049  0.103  0.468  0.311  0.059  0.010
   0.111  0.050  0.103  0.465  0.312  0.061  0.009
   0.112  0.050  0.103  0.461  0.313  0.063  0.009
   0.113  0.051  0.103  0.458  0.315  0.064  0.009
   0.114  0.052  0.104  0.454  0.316  0.066  0.009
   0.115  0.052  0.104  0.450  0.317  0.068  0.009
   0.116  0.053  0.104  0.446  0.318  0.070  0.009
   0.117  0.054  0.105  0.442  0.320  0.072  0.009
   0.118  0.055  0.105  0.437  0.321  0.073  0.009
   0.119  0.056  0.106  0.433  0.322  0.075  0.009
   0.120  0.057  0.106  0.428  0.323  0.077  0.009
   0.121  0.058  0.107  0.424  0.324  0.079  0.009
   0.122  0.059  0.107  0.419  0.325  0.081  0.010
   0.123  0.060  0.108  0.414  0.326  0.083  0.010
   0.124  0.061  0.108  0.409  0.327  0.084  0.011
   0.125  0.062  0.109  0.404  0.328  0.086  0.011
   0.126  0.063  0.110  0.399  0.329  0.088  0.012
   0.127  0.064  0.110  0.394  0.329  0.090  0.013
   0.128  0.065  0.111  0.389  0.330  0.091  0.013
   0.129  0.066  0.112  0.384  0.331  0.093  0.014
   0.130  0.067  0.112  0.378  0.332  0.095  0.015
   0.131  0.069  0.113  0.373  0.333  0.097  0.016
   0.132  0.070  0.114  0.367  0.333  0.098  0.017
   0.133  0.071  0.115  0.362  0.334  0.100  0.018
   0.134  0.072  0.116  0.356  0.335  0.102  0.020
   0.135  0.074  0.117  0.350  0.335  0.103  0.021
   0.136  0.075  0.118  0.344  0.336  0.105  0.022
   0.137  0.076  0.118  0.338  0.337  0.107  0.024
   0.138  0.078  0.119  0.333  0.337  0.108  0.025
   0.139  0.079  0.120  0.327  0.338  0.110  0.027
   0.140  0.080  0.121  0.321  0.338  0.111  0.029
   0.141  0.082  0.122  0.315  0.339  0.113  0.030
   0.142  0.083  0.123  0.308  0.339  0.114  0.032
   0.143  0.084  0.124  0.302  0.340  0.115  0.034
   0.144  0.086  0.125  0.296  0.340  0.117  0.036
   0.145  0.087  0.126  0.290  0.341  0.118  0.038
   0.146  0.088  0.127  0.284  0.341  0.119  0.040
   0.147  0.090  0.128  0.278  0.342  0.121  0.042
   0.148  0.091  0.129  0.271  0.342  0.122  0.045
   0.149  0.093  0.130  0.265  0.343  0.123  0.047
   0.150  0.094  0.131  0.259  0.343  0.124  0.049
   0.151  0.095  0.131  0.253  0.344  0.125  0.052
   0.152  0.097  0.132  0.246  0.344  0.126  0.054
   0.153  0.098  0.133  0.240  0.344  0.127  0.057
   0.154  0.099  0.134  0.234  0.345  0.128  0.060
   0.155  0.101  0.135  0.228  0.345  0.129  0.063
   0.156  0.102  0.136  0.221  0.346  0.130  0.065
   0.157  0.103  0.137  0.215  0.346  0.131  0.068
   0.158  0.104  0.137  0.209  0.346  0.131  0.071
   0.159  0.106  0.138  0.203  0.347  0.132  0.074
   0.160  0.107  0.139  0.197  0.347  0.133  0.077
   0.161  0.108  0.140  0.191  0.348  0.133  0.081
   0.162  0.109  0.140  0.185  0.348  0.134  0.084
   0.163  0.110  0.141  0.179  0.348  0.134  0.087
   0.164  0.111  0.141  0.173  0.349  0.135  0.091
   0.165  0.113  0.142  0.167  0.349  0.135  0.094
   0.166  0.114  0.143  0.161  0.350  0.136  0.097
   0.167  0.115  0.143  0.155  0.350  0.136  0.101
   0.168  0.116  0.144  0.150  0.351  0.136  0.105
   0.169  0.117  0.144  0.144  0.351  0.136  0.108
   0.170  0.117  0.144  0.138  0.352  0.136  0.112
   0.171  0.118  0.145  0.133  0.352  0.136  0.116
   0.172  0.119  0.145  0.128  0.352  0.136  0.119
   0.173  0.120  0.145  0.122  0.353  0.136  0.123
   0.174  0.121  0.145  0.117  0.353  0.136  0.127
   0.175  0.121  0.146  0.112  0.354  0.136  0.131
   0.176  0.122  0.146  0.107  0.354  0.136  0.135
   0.177  0.123  0.146  0.102  0.355  0.136  0.139
   0.178  0.123  0.146  0.097  0.356  0.136  0.143
   0.179  0.124  0.146  0.092  0.356  0.135  0.147
   0.180  0.124  0.146  0.087  0.357  0.135  0.151
   0.181  0.125  0.146  0.083  0.357  0.135  0.155
   0.182  0.125  0.145  0.078  0.358  0.134  0.159
   0.183  0.125  0.145  0.074  0.358  0.134  0.164
   0.184  0.125  0.145  0.070  0.359  0.133  0.168
   0.185  0.126  0.144  0.066  0.360  0.132  0.172
   0.186  0.126  0.144  0.062  0.360  0.132  0.176
   0.187  0.126  0.144  0.058  0.361  0.131  0.181
   0.188  0.126  0.143  0.054  0.362  0.130  0.185
   0.189  0.126  0.143  0.050  0.362  0.130  0.189
   0.190  0.126  0.142  0.047  0.363  0.129  0.193
   0.191  0.126  0.141  0.043  0.364  0.128  0.198
   0.192  0.126  0.141  0.040  0.364  0.127  0.202
   0.193  0.125  0.140  0.037  0.365  0.126  0.206
   0.194  0.125  0.139  0.034  0.366  0.125  0.211
   0.195  0.125  0.138  0.031  0.367  0.124  0.215
   0.196  0.125  0.137  0.028  0.367  0.123  0.219
   0.197  0.124  0.136  0.025  0.368  0.122  0.224
   0.198  0.124  0.135  0.023  0.369  0.121  0.228
   0.199  0.123  0.134  0.021  0.370  0.120  0.232
   0.200  0.122  0.133  0.018  0.370  0.119  0.237
   0.201  0.122  0.132  0.016  0.371  0.118  0.241
   0.202  0.121  0.131  0.014  0.372  0.117  0.245
   0.203  0.120  0.129  0.012  0.373  0.116  0.249
   0.204  0.120  0.128  0.011  0.374  0.114  0.254
   0.205  0.119  0.127  0.009  0.374  0.113  0.258
   0.206  0.118  0.125  0.008  0.375  0.112  0.262
   0.207  0.117  0.124  0.006  0.376  0.111  0.266
   0.208  0.116  0.123  0.005  0.377  0.109  0.270
   0.209  0.115  0.121  0.004  0.378  0.108  0.274
   0.210  0.114  0.120  0.003  0.379  0.107  0.278
   0.211  0.113  0.118  0.002  0.380  0.105  0.282
   0.212  0.112  0.116  0.002  0.380  0.104  0.286
   0.213  0.110  0.115  0.001  0.381  0.103  0.290
   0.214  0.109  0.113  0.001  0.382  0.101  0.294
   0.215  0.108  0.111  0.000  0.383  0.100  0.298
   0.216  0.107  0.110  0.000  0.384  0.099  0.301
   0.217  0.105  0.108  0.000  0.385  0.097  0.305
   0.218  0.104  0.106  0.000  0.385  0.096  0.309
   0.219  0.102  0.104  0.000  0.386  0.094  0.312
   0.220  0.101  0.103  0.001  0.387  0.093  0.316
   0.221  0.099  0.101  0.001  0.388  0.092  0.319
   0.222  0.098  0.099  0.002  0.389  0.090  0.323
   0.223  0.096  0.097  0.002  0.389  0.089  0.326
   0.224  0.095  0.095  0.003  0.390  0.087  0.329
   0.225  0.093  0.093  0.004  0.391  0.086  0.332
   0.226  0.092  0.091  0.005  0.392  0.085  0.336
   0.227  0.090  0.090  0.006  0.392  0.083  0.339
   0.228  0.088  0.088  0.007  0.393  0.082  0.342
   0.229  0.087  0.086  0.009  0.394  0.080  0.345
   0.230  0.085  0.084  0.010  0.395  0.079  0.347
   0.231  0.083  0.082  0.012  0.395  0.078  0.350
   0.232  0.082  0.080  0.013  0.396  0.076  0.353
   0.233  0.080  0.078  0.015  0.397  0.075  0.356
   0.234  0.078  0.076  0.017  0.397  0.073  0.358
   0.235  0.077  0.074  0.019  0.398  0.072  0.361
   0.236  0.075  0.073  0.021  0.398  0.071  0.363
   0.237  0.073  0.071  0.023  0.399  0.069  0.365
   0.238  0.071  0.069  0.025  0.399  0.068  0.367
   0.239  0.070  0.067  0.027  0.400  0.067  0.370
   0.240  0.068  0.065  0.029  0.400  0.066  0.372
   0.241  0.066  0.064  0.032  0.401  0.064  0.374
   0.242  0.065  0.062  0.034  0.401  0.063  0.375
   0.243  0.063  0.060  0.036  0.401  0.062  0.377
   0.244  0.061  0.059  0.039  0.401  0.061  0.379
   0.245  0.060  0.057  0.042  0.402  0.059  0.380
   0.246  0.058  0.055  0.044  0.402  0.058  0.382
   0.247  0.057  0.054  0.047  0.402  0.057  0.383
   0.248  0.055  0.052  0.050  0.402  0.056  0.385
   0.249  0.053  0.051  0.053  0.402  0.055  0.386
   0.250  0.052  0.050  0.055  0.402  0.054  0.387
   0.251  0.050  0.048  0.058  0.403  0.052  0.388
   0.252  0.049  0.047  0.061  0.402  0.051  0.389
   0.253  0.047  0.046  0.064  0.402  0.050  0.390
   0.254  0.046  0.044  0.067  0.402  0.049  0.391
   0.255  0.045  0.043  0.070  0.402  0.048  0.392
   0.256  0.043  0.042  0.074  0.402  0.047  0.392
   0.257  0.042  0.041  0.077  0.402  0.046  0.393
   0.258  0.041  0.040  0.080  0.401  0.045  0.393
   0.259  0.040  0.039  0.083  0.401  0.044  0.393
   0.260  0.038  0.038  0.086  0.401  0.043  0.394
   0.261  0.037  0.037  0.089  0.400  0.042  0.394
   0.262  0.036  0.036  0.093  0.400  0.041  0.394
   0.263  0.035  0.036  0.096  0.399  0.040  0.394
   0.264  0.034  0.035  0.099  0.399  0.039  0.394
   0.265  0.033  0.034  0.102  0.398  0.039  0.394
   0.266  0.032  0.034  0.106  0.397  0.038  0.393
   0.267  0.031  0.033  0.109  0.397  0.037  0.393
   0.268  0.031  0.033  0.112  0.396  0.036  0.392
   0.269  0.030  0.033  0.116  0.395  0.035  0.392
   0.270  0.029  0.032  0.119  0.394  0.034  0.391
   0.271  0.029  0.032  0.122  0.393  0.034  0.391
   0.272  0.028  0.032  0.125  0.392  0.033  0.390
   0.273  0.027  0.032  0.129  0.391  0.032  0.389
   0.274  0.027  0.032  0.132  0.390  0.031  0.388
   0.275  0.027  0.032  0.135  0.389  0.030  0.387
   0.276  0.026  0.032  0.139  0.387  0.030  0.386
   0.277  0.026  0.032  0.142  0.386  0.029  0.385
   0.278  0.026  0.032  0.145  0.385  0.028  0.384
   0.279  0.026  0.033  0.148  0.383  0.028  0.382
   0.280  0.025  0.033  0.152  0.382  0.027  0.381
   0.281  0.025  0.034  0.155  0.380  0.026  0.380
   0.282  0.025  0.034  0.158  0.379  0.026  0.378
   0.283  0.025  0.035  0.161  0.377  0.025  0.377
   0.284  0.026  0.035  0.164  0.376  0.024  0.375
   0.285  0.026  0.036  0.167  0.374  0.024  0.373
   0.286  0.026  0.037  0.170  0.372  0.023  0.372
   0.287  0.026  0.038  0.174  0.370  0.022  0.370
   0.288  0.027  0.039  0.177  0.369  0.022  0.368
   0.289  0.027  0.040  0.180  0.367  0.021  0.366
   0.290  0.027  0.041  0.183  0.365  0.020  0.364
   0.291  0.028  0.042  0.186  0.363  0.020  0.362
   0.292  0.029  0.043  0.189  0.361  0.019  0.360
   0.293  0.029  0.044  0.192  0.358  0.019  0.358
   0.294  0.030  0.045  0.195  0.356  0.018  0.356
   0.295  0.031  0.047  0.198  0.354  0.018  0.354
   0.296  0.031  0.048  0.200  0.352  0.017  0.351
   0.297  0.032  0.049  0.203  0.350  0.016  0.349
   0.298  0.033  0.051  0.206  0.347  0.016  0.347
   0.299  0.034  0.052  0.209  0.345  0.015  0.344
   0.300  0.035  0.054  0.212  0.342  0.015  0.342
   0.301  0.036  0.056  0.215  0.340  0.014  0.340
   0.302  0.037  0.057  0.217  0.337  0.014  0.337
   0.303  0.039  0.059  0.220  0.335  0.013  0.335
   0.304  0.040  0.061  0.223  0.332  0.013  0.332
   0.305  0.041  0.062  0.225  0.330  0.012  0.329
   0.306  0.042  0.064  0.228  0.327  0.012  0.327
   0.307  0.044  0.066  0.231  0.324  0.011  0.324
   0.308  0.045  0.068  0.233  0.322  0.011  0.322
   0.309  0.046  0.070  0.236  0.319  0.010  0.319
   0.310  0.048  0.072  0.239  0.316  0.010  0.316
   0.311  0.049  0.074  0.241  0.313  0.009  0.313
   0.312  0.051  0.076  0.244  0.310  0.009  0.311
   0.313  0.052  0.078  0.246  0.308  0.008  0.308
   0.314  0.054  0.080  0.249  0.305  0.008  0.305
   0.315  0.055  0.082  0.251  0.302  0.007  0.302
   0.316  0.057  0.084  0.254  0.299  0.007  0.300
   0.317  0.059  0.086  0.256  0.296  0.006  0.297
   0.318  0.060  0.088  0.259  0.293  0.006  0.294
   0.319  0.062  0.090  0.261  0.290  0.005  0.291
   0.320  0.064  0.092  0.264  0.287  0.005  0.288
   0.321  0.065  0.094  0.266  0.284  0.005  0.285
   0.322  0.067  0.096  0.269  0.281  0.004  0.283
   0.323  0.069  0.099  0.271  0.278  0.004  0.280
   0.324  0.071  0.101  0.274  0.275  0.004  0.277
   0.325  0.072  0.103  0.276  0.271  0.003  0.274
   0.326  0.074  0.105  0.279  0.268  0.003  0.271
   0.327  0.076  0.107  0.281  0.265  0.003  0.268
   0.328  0.078  0.109  0.284  0.262  0.002  0.265
   0.329  0.080  0.111  0.286  0.259  0.002  0.262
   0.330  0.081  0.113  0.289  0.256  0.002  0.260
   0.331  0.083  0.115  0.291  0.253  0.001  0.257
   0.332  0.085  0.117  0.293  0.250  0.001  0.254
   0.333  0.087  0.119  0.296  0.246  0.001  0.251
   0.334  0.088  0.121  0.298  0.243  0.001  0.248
   0.335  0.090  0.123  0.301  0.240  0.001  0.245
   0.336  0.092  0.125  0.303  0.237  0.000  0.242
   0.337  0.094  0.127  0.306  0.234  0.000  0.239
   0.338  0.095  0.129  0.308  0.231  0.000  0.237
   0.339  0.097  0.130  0.311  0.228  0.000  0.234
   0.340  0.099  0.132  0.313  0.225  0.000  0.231
   0.341  0.100  0.134  0.316  0.222  0.000  0.228
   0.342  0.102  0.136  0.318  0.219  0.000  0.225
   0.343  0.104  0.137  0.321  0.216  0.000  0.223
   0.344  0.105  0.139  0.323  0.213  0.000  0.220
   0.345  0.107  0.141  0.326  0.210  0.000  0.217
   0.346  0.108  0.142  0.329  0.207  0.000  0.214
   0.347  0.110  0.144  0.331  0.204  0.001  0.211
   0.348  0.111  0.145  0.334  0.201  0.001  0.209
   0.349  0.113  0.146  0.336  0.198  0.001  0.206
   0.350  0.114  0.148  0.339  0.195  0.001  0.203
   0.351  0.115  0.149  0.341  0.192  0.002  0.201
   0.352  0.117  0.150  0.344  0.189  0.002  0.198
   0.353  0.118  0.152  0.347  0.186  0.002  0.195
   0.354  0.119  0.153  0.349  0.183  0.003  0.192
   0.355  0.120  0.154  0.352  0.181  0.003  0.190
   0.356  0.121  0.155  0.355  0.178  0.004  0.187
   0.357  0.123  0.156  0.357  0.175  0.004  0.184
   0.358  0.124  0.157  0.360  0.173  0.005  0.182
   0.359  0.125  0.158  0.363  0.170  0.006  0.179
   0.360  0.126  0.159  0.365  0.167  0.006  0.177
   0.361  0.126  0.160  0.368  0.165  0.007  0.174
   0.362  0.127  0.160  0.371  0.162  0.008  0.171
   0.363  0.128  0.161  0.373  0.160  0.009  0.169
   0.364  0.129  0.162  0.376  0.157  0.010  0.166
   0.365  0.130  0.162  0.379  0.155  0.011  0.164
   0.366  0.130  0.163  0.382  0.152  0.012  0.161
   0.367  0.131  0.163  0.384  0.150  0.013  0.159
   0.368  0.132  0.164  0.387  0.148  0.014  0.156
   0.369  0.132  0.164  0.390  0.145  0.015  0.154
   0.370  0.132  0.164  0.392  0.143  0.017  0.151
   0.371  0.133  0.165  0.395  0.141  0.018  0.149
   0.372  0.133  0.165  0.398  0.139  0.019  0.146
   0.373  0.134  0.165  0.400  0.137  0.021  0.144
   0.374  0.134  0.165  0.403  0.134  0.022  0.141
   0.375  0.134  0.165  0.406  0.132  0.024  0.139
   0.376  0.134  0.165  0.408  0.130  0.026  0.136
   0.377  0.134  0.165  0.411  0.128  0.027  0.134
   0.378  0.134  0.165  0.413  0.127  0.029  0.132
   0.379  0.134  0.165  0.416  0.125  0.031  0.129
   0.380  0.134  0.165  0.419  0.123  0.033  0.127
   0.381  0.134  0.165  0.421  0.121  0.035  0.124
   0.382  0.134  0.164  0.424  0.119  0.037  0.122
   0.383  0.134  0.164  0.426  0.118  0.039  0.120
   0.384  0.134  0.164  0.428  0.116  0.041  0.117
   0.385  0.133  0.164  0.431  0.114  0.043  0.115
   0.386  0.133  0.163  0.433  0.113  0.045  0.113
   0.387  0.132  0.163  0.436  0.111  0.048  0.110
   0.388  0.132  0.162  0.438  0.110  0.050  0.108
   0.389  0.132  0.162  0.440  0.108  0.053  0.106
   0.390  0.131  0.161  0.442  0.107  0.055  0.103
   0.391  0.130  0.161  0.444  0.105  0.058  0.101
   0.392  0.130  0.160  0.447  0.104  0.060  0.099
   0.393  0.129  0.160  0.449  0.103  0.063  0.097
   0.394  0.128  0.159  0.451  0.102  0.066  0.094
   0.395  0.128  0.158  0.452  0.100  0.069  0.092
   0.396  0.127  0.158  0.454  0.099  0.072  0.090
   0.397  0.126  0.157  0.456  0.098  0.075  0.088
   0.398  0.125  0.156  0.458  0.097  0.078  0.086
   0.399  0.124  0.156  0.460  0.096  0.081  0.083
   0.400  0.123  0.155  0.461  0.095  0.084  0.081
   0.401  0.122  0.154  0.463  0.094  0.087  0.079
   0.402  0.121  0.154  0.464  0.093  0.091  0.077
   0.403  0.120  0.153  0.466  0.092  0.094  0.075
   0.404  0.119  0.152  0.467  0.091  0.097  0.073
   0.405  0.118  0.151  0.468  0.091  0.101  0.071
   0.406  0.117  0.151  0.469  0.090  0.104  0.069
   0.407  0.116  0.150  0.470  0.089  0.108  0.067
   0.408  0.115  0.149  0.471  0.088  0.111  0.065
   0.409  0.114  0.149  0.472  0.088  0.115  0.063
   0.410  0.113  0.148  0.473  0.087  0.119  0.061
   0.411  0.111  0.147  0.474  0.086  0.122  0.059
   0.412  0.110  0.147  0.474  0.086  0.126  0.057
   0.413  0.109  0.146  0.475  0.085  0.130  0.055
   0.414  0.108  0.145  0.475  0.085  0.134  0.053
   0.415  0.106  0.145  0.475  0.084  0.138  0.051
   0.416  0.105  0.144  0.476  0.084  0.142  0.049
   0.417  0.104  0.144  0.476  0.084  0.146  0.047
   0.418  0.103  0.143  0.476  0.083  0.150  0.046
   0.419  0.101  0.143  0.476  0.083  0.154  0.044
   0.420  0.100  0.142  0.475  0.082  0.158  0.042
   0.421  0.099  0.142  0.475  0.082  0.162  0.040
   0.422  0.097  0.141  0.475  0.082  0.166  0.039
   0.423  0.096  0.141  0.474  0.082  0.170  0.037
   0.424  0.095  0.141  0.473  0.081  0.174  0.035
   0.425  0.094  0.141  0.473  0.081  0.179  0.034
   0.426  0.092  0.140  0.472  0.081  0.183  0.032
   0.427  0.091  0.140  0.471  0.081  0.187  0.031
   0.428  0.090  0.140  0.469  0.081  0.191  0.029
   0.429  0.088  0.140  0.468  0.081  0.195  0.028
   0.430  0.087  0.140  0.467  0.081  0.200  0.026
   0.431  0.086  0.140  0.465  0.080  0.204  0.025
   0.432  0.085  0.140  0.464  0.080  0.208  0.023
   0.433  0.083  0.140  0.462  0.080  0.213  0.022
   0.434  0.082  0.140  0.460  0.080  0.217  0.021
   0.435  0.081  0.140  0.458  0.080  0.221  0.020
   0.436  0.080  0.140  0.456  0.080  0.225  0.018
   0.437  0.079  0.140  0.454  0.081  0.230  0.017
   0.438  0.077  0.141  0.451  0.081  0.234  0.016
   0.439  0.076  0.141  0.449  0.081  0.238  0.015
   0.440  0.075  0.141  0.446  0.081  0.242  0.014
   0.441  0.074  0.142  0.443  0.081  0.246  0.013
   0.442  0.073  0.142  0.441  0.081  0.251  0.012
   0.443  0.072  0.143  0.438  0.081  0.255  0.011
   0.444  0.071  0.144  0.434  0.081  0.259  0.011
   0.445  0.070  0.144  0.431  0.081  0.263  0.010
   0.446  0.069  0.145  0.428  0.082  0.267  0.009
   0.447  0.068  0.146  0.425  0.082  0.271  0.009
   0.448  0.067  0.147  0.421  0.082  0.275  0.008
   0.449  0.066  0.148  0.417  0.082  0.279  0.008
   0.450  0.065  0.148  0.414  0.082  0.283  0.007
   0.451  0.064  0.149  0.410  0.083  0.287  0.007
   0.452  0.064  0.150  0.406  0.083  0.291  0.006
   0.453  0.063  0.152  0.402  0.083  0.295  0.006
   0.454  0.062  0.153  0.397  0.083  0.298  0.006
   0.455  0.061  0.154  0.393  0.084  0.302  0.006
   0.456  0.061  0.155  0.389  0.084  0.306  0.006
   0.457  0.060  0.156  0.384  0.084  0.309  0.006
   0.458  0.059  0.158  0.380  0.085  0.313  0.006
   0.459  0.059  0.159  0.375  0.085  0.317  0.006
   0.460  0.058  0.161  0.370  0.085  0.320  0.006
   0.461  0.057  0.162  0.365  0.086  0.323  0.006
   0.462  0.057  0.164  0.360  0.086  0.327  0.007
   0.463  0.056  0.165  0.355  0.086  0.330  0.007
   0.464  0.056  0.167  0.350  0.087  0.333  0.007
   0.465  0.056  0.168  0.345  0.087  0.336  0.008
   0.466  0.055  0.170  0.340  0.087  0.339  0.008
   0.467  0.055  0.172  0.335  0.088  0.342  0.009
   0.468  0.054  0.173  0.329  0.088  0.345  0.010
   0.469  0.054  0.175  0.324  0.088  0.348  0.011
   0.470  0.054  0.177  0.318  0.089  0.351  0.012
   0.471  0.053  0.179  0.313  0.089  0.353  0.012
   0.472  0.053  0.181  0.307  0.090  0.356  0.013
   0.473  0.053  0.182  0.302  0.090  0.358  0.015
   0.474  0.053  0.184  0.296  0.091  0.361  0.016
   0.475  0.052  0.186  0.290  0.091  0.363  0.017
   0.476  0.052  0.188  0.284  0.091  0.366  0.018
   0.477  0.052  0.190  0.279  0.092  0.368  0.020
   0.478  0.052  0.192  0.273  0.092  0.370  0.021
   0.479  0.052  0.194  0.267  0.093  0.372  0.023
   0.480  0.052  0.196  0.261  0.093  0.374  0.024
   0.481  0.052  0.198  0.255  0.094  0.376  0.026
   0.482  0.052  0.200  0.249  0.094  0.377  0.027
   0.483  0.052  0.202  0.243  0.095  0.379  0.029
   0.484  0.052  0.204  0.237  0.095  0.380  0.031
   0.485  0.052  0.206  0.231  0.096  0.382  0.033
   0.486  0.052  0.208  0.225  0.096  0.383  0.035
   0.487  0.052  0.210  0.220  0.097  0.385  0.037
   0.488  0.052  0.212  0.214  0.097  0.386  0.039
   0.489  0.052  0.214  0.208  0.098  0.387  0.041
   0.490  0.052  0.216  0.202  0.099  0.388  0.044
   0.491  0.052  0.218  0.196  0.099  0.389  0.046
   0.492  0.052  0.220  0.190  0.100  0.390  0.048
   0.493  0.052  0.222  0.184  0.100  0.390  0.051
   0.494  0.052  0.224  0.179  0.101  0.391  0.053
   0.495  0.053  0.225  0.173  0.102  0.391  0.056
   0.496  0.053  0.227  0.167  0.102  0.392  0.059
   0.497  0.053  0.229  0.162  0.103  0.392  0.061
   0.498  0.053  0.231  0.156  0.104  0.393  0.064
   0.499  0.053  0.233  0.150  0.104  0.393  0.067
   0.500  0.053  0.234  0.145  0.105  0.393  0.070
   0.501  0.053  0.236  0.139  0.106  0.393  0.073
   0.502  0.053  0.238  0.134  0.106  0.393  0.076
   0.503  0.054  0.239  0.129  0.107  0.393  0.079
   0.504  0.054  0.241  0.124  0.108  0.392  0.082
   0.505  0.054  0.242  0.118  0.109  0.392  0.085
   0.506  0.054  0.244  0.113  0.110  0.392  0.088
   0.507  0.054  0.245  0.108  0.110  0.391  0.091
   0.508  0.054  0.246  0.103  0.111  0.390  0.094
   0.509  0.054  0.248  0.099  0.112  0.390  0.098
   0.510  0.055  0.249  0.094  0.113  0.389  0.101
   0.511  0.055  0.250  0.089  0.114  0.388  0.104
   0.512  0.055  0.251  0.085  0.115  0.387  0.108
   0.513  0.055  0.252  0.080  0.115  0.386  0.111
   0.514  0.055  0.253  0.076  0.116  0.385  0.114
   0.515  0.055  0.254  0.072  0.117  0.384  0.118
   0.516  0.055  0.255  0.068  0.118  0.383  0.121
   0.517  0.055  0.256  0.064  0.119  0.381  0.125
   0.518  0.055  0.257  0.060  0.120  0.380  0.128
   0.519  0.055  0.257  0.056  0.121  0.379  0.132
   0.520  0.055  0.258  0.052  0.122  0.377  0.135
   0.521  0.055  0.259  0.049  0.123  0.375  0.139
   0.522  0.055  0.259  0.045  0.124  0.374  0.143
   0.523  0.055  0.259  0.042  0.125  0.372  0.146
   0.524  0.055  0.260  0.039  0.126  0.370  0.150
   0.525  0.055  0.260  0.035  0.127  0.369  0.154
   0.526  0.055  0.260  0.033  0.129  0.367  0.157
   0.527  0.055  0.260  0.030  0.130  0.365  0.161
   0.528  0.055  0.260  0.027  0.131  0.363  0.164
   0.529  0.055  0.260  0.024  0.132  0.361  0.168
   0.530  0.054  0.260  0.022  0.133  0.359  0.172
   0.531  0.054  0.260  0.020  0.134  0.356  0.175
   0.532  0.054  0.260  0.017  0.136  0.354  0.179
   0.533  0.054  0.259  0.015  0.137  0.352  0.183
   0.534  0.054  0.259  0.013  0.138  0.350  0.186
   0.535  0.053  0.258  0.012  0.139  0.347  0.190
   0.536  0.053  0.258  0.010  0.141  0.345  0.193
   0.537  0.053  0.257  0.008  0.142  0.343  0.197
   0.538  0.053  0.257  0.007  0.143  0.340  0.200
   0.539  0.052  0.256  0.006  0.145  0.338  0.204
   0.540  0.052  0.255  0.005  0.146  0.335  0.207
   0.541  0.052  0.254  0.004  0.147  0.333  0.211
   0.542  0.051  0.253  0.003  0.149  0.330  0.214
   0.543  0.051  0.252  0.002  0.150  0.327  0.218
   0.544  0.051  0.251  0.001  0.151  0.325  0.221
   0.545  0.050  0.249  0.001  0.153  0.322  0.224
   0.546  0.050  0.248  0.001  0.154  0.320  0.228
   0.547  0.049  0.247  0.000  0.156  0.317  0.231
   0.548  0.049  0.245  0.000  0.157  0.314  0.234
   0.549  0.048  0.244  0.000  0.159  0.311  0.237
   0.550  0.048  0.242  0.000  0.160  0.309  0.241
   0.551  0.048  0.241  0.001  0.162  0.306  0.244
   0.552  0.047  0.239  0.001  0.163  0.303  0.247
   0.553  0.047  0.237  0.002  0.164  0.300  0.250
   0.554  0.046  0.236  0.002  0.166  0.297  0.253
   0.555  0.046  0.234  0.003  0.168  0.295  0.256
   0.556  0.045  0.232  0.004  0.169  0.292  0.258
   0.557  0.045  0.230  0.005  0.171  0.289  0.261
   0.558  0.044  0.228  0.006  0.172  0.286  0.264
   0.559  0.044  0.226  0.007  0.174  0.283  0.267
   0.560  0.043  0.224  0.008  0.175  0.280  0.269
   0.561  0.042  0.222  0.010  0.177  0.277  0.272
   0.562  0.042  0.219  0.011  0.178  0.275  0.274
   0.563  0.041  0.217  0.013  0.180  0.272  0.277
   0.564  0.041  0.215  0.015  0.181  0.269  0.279
   0.565  0.040  0.213  0.017  0.183  0.266  0.281
   0.566  0.040  0.210  0.018  0.185  0.263  0.284
   0.567  0.039  0.208  0.020  0.186  0.260  0.286
   0.568  0.039  0.205  0.022  0.188  0.258  0.288
   0.569  0.038  0.203  0.025  0.189  0.255  0.290
   0.570  0.038  0.201  0.027  0.191  0.252  0.292
   0.571  0.037  0.198  0.029  0.192  0.249  0.294
   0.572  0.037  0.196  0.032  0.194  0.246  0.296
   0.573  0.036  0.193  0.034  0.196  0.243  0.298
   0.574  0.036  0.191  0.037  0.197  0.241  0.299
   0.575  0.035  0.188  0.039  0.199  0.238  0.301
   0.576  0.035  0.185  0.042  0.200  0.235  0.303
   0.577  0.034  0.183  0.045  0.202  0.232  0.304
   0.578  0.034  0.180  0.047  0.203  0.229  0.306
   0.579  0.033  0.178  0.050  0.205  0.227  0.307
   0.580  0.033  0.175  0.053  0.206  0.224  0.308
   0.581  0.033  0.173  0.056  0.208  0.221  0.310
   0.582  0.032  0.170  0.059  0.209  0.219  0.311
   0.583  0.032  0.168  0.062  0.211  0.216  0.312
   0.584  0.031  0.165  0.065  0.212  0.213  0.313
   0.585  0.031  0.162  0.068  0.214  0.210  0.314
   0.586  0.031  0.160  0.072  0.215  0.208  0.315
   0.587  0.031  0.157  0.075  0.217  0.205  0.316
   0.588  0.030  0.155  0.078  0.218  0.203  0.316
   0.589  0.030  0.152  0.081  0.219  0.200  0.317
   0.590  0.030  0.150  0.085  0.221  0.197  0.318
   0.591  0.030  0.148  0.088  0.222  0.195  0.318
   0.592  0.029  0.145  0.091  0.223  0.192  0.319
   0.593  0.029  0.143  0.094  0.225  0.190  0.319
   0.594  0.029  0.140  0.098  0.226  0.187  0.320
   0.595  0.029  0.138  0.101  0.227  0.184  0.320
   0.596  0.029  0.136  0.105  0.229  0.182  0.320
   0.597  0.029  0.134  0.108  0.230  0.179  0.320
   0.598  0.029  0.131  0.111  0.231  0.177  0.320
   0.599  0.029  0.129  0.115  0.232  0.174  0.320
   0.600  0.029  0.127  0.118  0.233  0.172  0.320
   0.601  0.029  0.125  0.122  0.234  0.169  0.320
   0.602  0.029  0.123  0.125  0.236  0.167  0.320
   0.603  0.029  0.121  0.128  0.237  0.165  0.320
   0.604  0.030  0.119  0.132  0.238  0.162  0.320
   0.605  0.030  0.117  0.135  0.239  0.160  0.320
   0.606  0.030  0.115  0.138  0.240  0.157  0.319
   0.607  0.030  0.114  0.142  0.241  0.155  0.319
   0.608  0.031  0.112  0.145  0.242  0.153  0.318
   0.609  0.031  0.110  0.148  0.242  0.150  0.318
   0.610  0.031  0.108  0.152  0.243  0.148  0.317
   0.611  0.032  0.107  0.155  0.244  0.145  0.317
   0.612  0.032  0.105  0.158  0.245  0.143  0.316
   0.613  0.033  0.104  0.162  0.246  0.141  0.316
   0.614  0.033  0.103  0.165  0.246  0.138  0.315
   0.615  0.034  0.101  0.168  0.247  0.136  0.314
   0.616  0.034  0.100  0.171  0.248  0.134  0.313
   0.617  0.035  0.099  0.174  0.248  0.131  0.313
   0.618  0.035  0.098  0.177  0.249  0.129  0.312
   0.619  0.036  0.096  0.180  0.250  0.127  0.311
   0.620  0.037  0.095  0.183  0.250  0.124  0.310
   0.621  0.037  0.095  0.186  0.251  0.122  0.309
   0.622  0.038  0.094  0.189  0.251  0.120  0.308
   0.623  0.039  0.093  0.192  0.251  0.118  0.307
   0.624  0.040  0.092  0.195  0.252  0.115  0.306
   0.625  0.040  0.091  0.198  0.252  0.113  0.305
   0.626  0.041  0.091  0.201  0.252  0.111  0.304
   0.627  0.042  0.090  0.204  0.253  0.109  0.303
   0.628  0.043  0.089  0.207  0.253  0.106  0.301
   0.629  0.044  0.089  0.209  0.253  0.104  0.300
   0.630  0.045  0.089  0.212  0.253  0.102  0.299
   0.631  0.046  0.088  0.215  0.253  0.100  0.298
   0.632  0.047  0.088  0.217  0.254  0.097  0.297
   0.633  0.048  0.088  0.220  0.254  0.095  0.295
   0.634  0.049  0.088  0.223  0.254  0.093  0.294
   0.635  0.050  0.087  0.225  0.254  0.091  0.293
   0.636  0.051  0.087  0.228  0.253  0.089  0.291
   0.637  0.052  0.087  0.230  0.253  0.087  0.290
   0.638  0.053  0.087  0.233  0.253  0.084  0.289
   0.639  0.055  0.088  0.235  0.253  0.082  0.288
   0.640  0.056  0.088  0.238  0.253  0.080  0.286
   0.641  0.057  0.088  0.240  0.252  0.078  0.285
   0.642  0.058  0.088  0.242  0.252  0.076  0.284
   0.643  0.059  0.088  0.245  0.252  0.074  0.282
   0.644  0.061  0.089  0.247  0.251  0.071  0.281
   0.645  0.062  0.089  0.249  0.251  0.069  0.280
   0.646  0.063  0.090  0.251  0.251  0.067  0.278
   0.647  0.064  0.090  0.253  0.250  0.065  0.277
   0.648  0.065  0.091  0.256  0.250  0.063  0.275
   0.649  0.067  0.091  0.258  0.249  0.061  0.274
   0.650  0.068  0.092  0.260  0.248  0.059  0.273
   0.651  0.069  0.093  0.262  0.248  0.057  0.271
   0.652  0.071  0.093  0.264  0.247  0.055  0.270
   0.653  0.072  0.094  0.266  0.246  0.053  0.269
   0.654  0.073  0.095  0.268  0.246  0.051  0.267
   0.655  0.074  0.095  0.270  0.245  0.049  0.266
   0.656  0.076  0.096  0.272  0.244  0.047  0.265
   0.657  0.077  0.097  0.274  0.243  0.045  0.263
   0.658  0.078  0.098  0.276  0.242  0.043  0.262
   0.659  0.079  0.099  0.278  0.241  0.042  0.261
   0.660  0.081  0.100  0.280  0.240  0.040  0.259
   0.661  0.082  0.100  0.282  0.239  0.038  0.258
   0.662  0.083  0.101  0.284  0.238  0.036  0.257
   0.663  0.084  0.102  0.286  0.237  0.035  0.255
   0.664  0.086  0.103  0.288  0.236  0.033  0.254
   0.665  0.087  0.104  0.290  0.235  0.031  0.253
   0.666  0.088  0.105  0.292  0.234  0.029  0.252
   0.667  0.089  0.106  0.294  0.233  0.028  0.250
   0.668  0.090  0.107  0.295  0.232  0.026  0.249
   0.669  0.091  0.108  0.297  0.231  0.025  0.248
   0.670  0.093  0.109  0.299  0.229  0.023  0.247
   0.671  0.094  0.110  0.301  0.228  0.022  0.245
   0.672  0.095  0.111  0.303  0.227  0.020  0.244
   0.673  0.096  0.112  0.305  0.226  0.019  0.243
   0.674  0.097  0.113  0.307  0.224  0.018  0.242
   0.675  0.098  0.114  0.309  0.223  0.017  0.240
   0.676  0.099  0.115  0.310  0.221  0.015  0.239
   0.677  0.100  0.116  0.312  0.220  0.014  0.238
   0.678  0.101  0.116  0.314  0.219  0.013  0.237
   0.679  0.102  0.117  0.316  0.217  0.012  0.236
   0.680  0.103  0.118  0.318  0.216  0.011  0.235
   0.681  0.103  0.119  0.320  0.214  0.010  0.233
   0.682  0.104  0.120  0.322  0.213  0.009  0.232
   0.683  0.105  0.121  0.324  0.211  0.008  0.231
   0.684  0.106  0.121  0.326  0.210  0.008  0.230
   0.685  0.107  0.122  0.327  0.208  0.007  0.229
   0.686  0.107  0.123  0.329  0.207  0.006  0.228
   0.687  0.108  0.124  0.331  0.205  0.006  0.226
   0.688  0.109  0.124  0.333  0.203  0.005  0.225
   0.689  0.109  0.125  0.335  0.202  0.005  0.224
   0.690  0.110  0.125  0.337  0.200  0.004  0.223
   0.691  0.111  0.126  0.339  0.198  0.004  0.222
   0.692  0.111  0.126  0.341  0.197  0.004  0.221
   0.693  0.112  0.127  0.343  0.195  0.004  0.220
   0.694  0.112  0.127  0.345  0.193  0.004  0.218
   0.695  0.113  0.128  0.347  0.192  0.004  0.217
   0.696  0.113  0.128  0.349  0.190  0.004  0.216
   0.697  0.114  0.128  0.351  0.188  0.004  0.215
   0.698  0.114  0.129  0.353  0.187  0.004  0.214
   0.699  0.114  0.129  0.355  0.185  0.005  0.213
   0.700  0.115  0.129  0.356  0.183  0.005  0.211
   0.701  0.115  0.129  0.358  0.181  0.006  0.210
   0.702  0.115  0.129  0.360  0.180  0.006  0.209
   0.703  0.115  0.129  0.362  0.178  0.007  0.208
   0.704  0.116  0.129  0.364  0.176  0.008  0.207
   0.705  0.116  0.129  0.366  0.174  0.009  0.206
   0.706  0.116  0.129  0.368  0.173  0.010  0.204
   0.707  0.116  0.129  0.370  0.171  0.011  0.203
   0.708  0.116  0.129  0.372  0.169  0.012  0.202
   0.709  0.116  0.129  0.374  0.167  0.013  0.201
   0.710  0.116  0.128  0.376  0.165  0.015  0.199
   0.711  0.116  0.128  0.378  0.164  0.016  0.198
   0.712  0.116  0.128  0.379  0.162  0.018  0.197
   0.713  0.116  0.127  0.381  0.160  0.020  0.196
   0.714  0.116  0.127  0.383  0.158  0.021  0.194
   0.715  0.116  0.126  0.385  0.157  0.023  0.193
   0.716  0.116  0.126  0.387  0.155  0.025  0.192
   0.717  0.116  0.125  0.388  0.153  0.027  0.191
   0.718  0.116  0.124  0.390  0.151  0.029  0.189
   0.719  0.115  0.124  0.392  0.150  0.032  0.188
   0.720  0.115  0.123  0.394  0.148  0.034  0.187
   0.721  0.115  0.122  0.395  0.146  0.037  0.185
   0.722  0.115  0.121  0.397  0.144  0.039  0.184
   0.723  0.114  0.120  0.398  0.143  0.042  0.182
   0.724  0.114  0.119  0.400  0.141  0.045  0.181
   0.725  0.114  0.118  0.401  0.139  0.047  0.180
   0.726  0.114  0.117  0.403  0.137  0.050  0.178
   0.727  0.113  0.116  0.404  0.136  0.054  0.177
   0.728  0.113  0.115  0.406  0.134  0.057  0.175
   0.729  0.113  0.114  0.407  0.132  0.060  0.174
   0.730  0.112  0.113  0.408  0.131  0.063  0.172
   0.731  0.112  0.112  0.409  0.129  0.067  0.171
   0.732  0.112  0.111  0.411  0.127  0.070  0.170
   0.733  0.111  0.109  0.412  0.126  0.074  0.168
   0.734  0.111  0.108  0.413  0.124  0.078  0.167
   0.735  0.110  0.107  0.414  0.122  0.082  0.165
   0.736  0.110  0.105  0.415  0.121  0.085  0.164
   0.737  0.110  0.104  0.416  0.119  0.090  0.162
   0.738  0.109  0.103  0.416  0.118  0.094  0.160
   0.739  0.109  0.101  0.417  0.116  0.098  0.159
   0.740  0.109  0.100  0.418  0.114  0.102  0.157
   0.741  0.108  0.098  0.418  0.113  0.106  0.156
   0.742  0.108  0.097  0.419  0.111  0.111  0.154
   0.743  0.107  0.095  0.419  0.110  0.115  0.153
   0.744  0.107  0.094  0.420  0.108  0.120  0.151
   0.745  0.107  0.092  0.420  0.107  0.125  0.150
   0.746  0.106  0.091  0.420  0.105  0.129  0.148
   0.747  0.106  0.089  0.420  0.104  0.134  0.146
   0.748  0.106  0.088  0.420  0.102  0.139  0.145
   0.749  0.105  0.086  0.420  0.101  0.144  0.143
   0.750  0.105  0.085  0.420  0.099  0.149  0.142
   0.751  0.105  0.083  0.420  0.098  0.154  0.140
   0.752  0.104  0.081  0.420  0.096  0.160  0.139
   0.753  0.104  0.080  0.419  0.095  0.165  0.137
   0.754  0.104  0.078  0.419  0.094  0.170  0.136
   0.755  0.104  0.077  0.418  0.092  0.175  0.134
   0.756  0.103  0.075  0.417  0.091  0.181  0.133
   0.757  0.103  0.073  0.417  0.090  0.186  0.131
   0.758  0.103  0.072  0.416  0.088  0.192  0.129
   0.759  0.103  0.070  0.415  0.087  0.197  0.128
   0.760  0.103  0.069  0.414  0.086  0.203  0.127
   0.761  0.102  0.067  0.413  0.084  0.209  0.125
   0.762  0.102  0.065  0.411  0.083  0.214  0.124
   0.763  0.102  0.064  0.410  0.082  0.220  0.122
   0.764  0.102  0.062  0.408  0.081  0.226  0.121
   0.765  0.102  0.061  0.407  0.079  0.231  0.119
   0.766  0.102  0.059  0.405  0.078  0.237  0.118
   0.767  0.102  0.058  0.403  0.077  0.243  0.117
   0.768  0.102  0.056  0.401  0.076  0.249  0.115
