   0.000  0.036  0.139  0.313  0.083  0.124  0.305
   0.001  0.037  0.141  0.316  0.084  0.122  0.301
   0.002  0.038  0.142  0.319  0.085  0.121  0.296
   0.003  0.039  0.143  0.322  0.086  0.119  0.291
   0.004  0.040  0.145  0.325  0.086  0.117  0.287
   0.005  0.041  0.146  0.328  0.087  0.116  0.282
   0.006  0.042  0.147  0.331  0.089  0.114  0.278
   0.007  0.043  0.148  0.334  0.090  0.112  0.273
   0.008  0.044  0.150  0.337  0.091  0.110  0.269
   0.009  0.044  0.151  0.340  0.092  0.109  0.264
   0.010  0.045  0.152  0.343  0.093  0.107  0.260
   0.011  0.046  0.153  0.346  0.094  0.105  0.256
   0.012  0.047  0.154  0.349  0.096  0.103  0.251
   0.013  0.048  0.154  0.352  0.097  0.101  0.247
   0.014  0.049  0.155  0.355  0.099  0.099  0.243
   0.015  0.050  0.156  0.358  0.100  0.097  0.239
   0.016  0.050  0.157  0.361  0.102  0.095  0.234
   0.017  0.051  0.157  0.365  0.103  0.094  0.230
   0.018  0.052  0.158  0.368  0.105  0.092  0.226
   0.019  0.053  0.158  0.371  0.106  0.090  0.222
   0.020  0.053  0.159  0.374  0.108  0.088  0.218
   0.021  0.054  0.159  0.377  0.110  0.086  0.214
   0.022  0.054  0.160  0.380  0.112  0.084  0.210
   0.023  0.055  0.160  0.383  0.114  0.082  0.206
   0.024  0.056  0.160  0.386  0.115  0.080  0.202
   0.025  0.056  0.161  0.390  0.117  0.078  0.198
   0.026  0.057  0.161  0.393  0.119  0.076  0.195
   0.027  0.057  0.161  0.396  0.121  0.074  0.191
   0.028  0.057  0.161  0.399  0.123  0.072  0.187
   0.029  0.058  0.161  0.402  0.125  0.070  0.183
   0.030  0.058  0.161  0.405  0.128  0.068  0.180
   0.031  0.058  0.161  0.408  0.130  0.067  0.176
   0.032  0.059  0.161  0.411  0.132  0.065  0.173
   0.033  0.059  0.160  0.414  0.134  0.063  0.169
   0.034  0.059  0.160  0.418  0.136  0.061  0.166
   0.035  0.059  0.160  0.421  0.139  0.059  0.162
   0.036  0.060  0.159  0.424  0.141  0.058  0.159
   0.037  0.060  0.159  0.427  0.143  0.056  0.155
   0.038  0.060  0.159  0.430  0.146  0.054  0.152
   0.039  0.060  0.158  0.433  0.148  0.052  0.149
   0.040  0.060  0.158  0.436  0.151  0.051  0.146
   0.041  0.060  0.157  0.439  0.153  0.049  0.142
   0.042  0.060  0.156  0.442  0.156  0.047  0.139
   0.043  0.060  0.156  0.445  0.158  0.046  0.136
   0.044  0.060  0.155  0.448  0.161  0.044  0.133
   0.045  0.059  0.154  0.450  0.163  0.043  0.130
   0.046  0.059  0.153  0.453  0.166  0.041  0.127
   0.047  0.059  0.153  0.456  0.168  0.040  0.124
   0.048  0.059  0.152  0.459  0.171  0.039  0.121
   0.049  0.059  0.151  0.462  0.174  0.037  0.118
   0.050  0.059  0.150  0.464  0.176  0.036  0.115
   0.051  0.058  0.149  0.467  0.179  0.035  0.112
   0.052  0.058  0.148  0.470  0.182  0.034  0.109
   0.053  0.058  0.147  0.472  0.184  0.032  0.107
   0.054  0.057  0.146  0.475  0.187  0.031  0.104
   0.055  0.057  0.145  0.477  0.190  0.030  0.101
   0.056  0.057  0.144  0.479  0.192  0.029  0.098
   0.057  0.056  0.143  0.482  0.195  0.028  0.096
   0.058  0.056  0.142  0.484  0.198  0.028  0.093
   0.059  0.055  0.141  0.486  0.200  0.027  0.091
   0.060  0.055  0.139  0.489  0.203  0.026  0.088
   0.061  0.055  0.138  0.491  0.206  0.025  0.086
   0.062  0.054  0.137  0.493  0.208  0.025  0.083
   0.063  0.054  0.136  0.495  0.211  0.024  0.081
   0.064  0.053  0.135  0.497  0.214  0.023  0.078
   0.065  0.053  0.134  0.498  0.216  0.023  0.076
   0.066  0.052  0.132  0.500  0.219  0.023  0.074
   0.067  0.052  0.131  0.502  0.222  0.022  0.071
   0.068  0.051  0.130  0.503  0.224  0.022  0.069
   0.069  0.051  0.129  0.505  0.227  0.022  0.067
   0.070  0.050  0.128  0.506  0.230  0.021  0.065
   0.071  0.050  0.127  0.508  0.232  0.021  0.063
   0.072  0.049  0.125  0.509  0.235  0.021  0.060
   0.073  0.049  0.124  0.510  0.237  0.021  0.058
   0.074  0.049  0.123  0.511  0.240  0.021  0.056
   0.075  0.048  0.122  0.512  0.242  0.021  0.054
   0.076  0.048  0.121  0.513  0.245  0.022  0.052
   0.077  0.047  0.120  0.513  0.247  0.022  0.050
   0.078  0.047  0.119  0.514  0.250  0.022  0.048
   0.079  0.047  0.118  0.515  0.252  0.023  0.047
   0.080  0.046  0.116  0.515  0.255  0.023  0.045
   0.081  0.046  0.115  0.515  0.257  0.023  0.043
   0.082  0.045  0.114  0.516  0.259  0.024  0.041
   0.083  0.045  0.113  0.516  0.262  0.025  0.039
   0.084  0.045  0.113  0.516  0.264  0.025  0.038
   0.085  0.045  0.112  0.515  0.266  0.026  0.036
   0.086  0.044  0.111  0.515  0.268  0.027  0.035
   0.087  0.044  0.110  0.515  0.271  0.028  0.033
   0.088  0.044  0.109  0.514  0.273  0.029  0.031
   0.089  0.044  0.108  0.514  0.275  0.029  0.030
   0.090  0.044  0.107  0.513  0.277  0.030  0.029
   0.091  0.043  0.107  0.512  0.279  0.031  0.027
   0.092  0.043  0.106  0.511  0.281  0.033  0.026
   0.093  0.043  0.105  0.510  0.283  0.034  0.024
   0.094  0.043  0.105  0.509  0.285  0.035  0.023
   0.095  0.043  0.104  0.507  0.287  0.036  0.022
   0.096  0.043  0.104  0.506  0.289  0.037  0.021
   0.097  0.043  0.103  0.504  0.291  0.039  0.020
   0.098  0.043  0.103  0.502  0.293  0.040  0.019
   0.099  0.044  0.102  0.501  0.294  0.042  0.018
   0.100  0.044  0.102  0.499  0.296  0.043  0.017
   0.101  0.044  0.102  0.496  0.298  0.044  0.016
   0.102  0.044  0.101  0.494  0.299  0.046  0.015
   0.103  0.045  0.101  0.492  0.301  0.048  0.014
   0.104  0.045  0.101  0.489  0.303  0.049  0.013
   0.105  0.045  0.101  0.487  0.304  0.051  0.013
   0.106  0.046  0.101  0.484  0.306  0.052  0.012
   0.107  0.046  0.101  0.481  0.307  0.054  0.011
   0.108  0.047  0.101  0.478  0.309  0.056  0.011
   0.109  0.047  0.101  0.475  0.310  0.057  0.010
   0.110  0.048  0.101  0.471  0.311  0.059  0.010
   0.111  0.048  0.101  0.468  0.313  0.061  0.009
   0.112  0.049  0.101  0.464  0.314  0.063  0.009
   0.113  0.049  0.101  0.461  0.315  0.065  0.009
   0.114  0.050  0.101  0.457  0.316  0.066  0.009
   0.115  0.051  0.102  0.453  0.317  0.068  0.009
   0.116  0.052  0.102  0.449  0.319  0.070  0.009
   0.117  0.052  0.102  0.445  0.320  0.072  0.009
   0.118  0.053  0.103  0.441  0.321  0.074  0.009
   0.119  0.054  0.103  0.436  0.322  0.076  0.009
   0.120  0.055  0.104  0.432  0.323  0.078  0.009
   0.121  0.056  0.104  0.427  0.324  0.079  0.009
   0.122  0.057  0.105  0.423  0.324  0.081  0.010
   0.123  0.058  0.105  0.418  0.325  0.083  0.010
   0.124  0.059  0.106  0.413  0.326  0.085  0.010
   0.125  0.060  0.107  0.408  0.327  0.087  0.011
   0.126  0.061  0.107  0.403  0.328  0.089  0.012
   0.127  0.063  0.108  0.398  0.328  0.091  0.012
   0.128  0.064  0.109  0.393  0.329  0.092  0.013
   0.129  0.065  0.110  0.387  0.330  0.094  0.014
   0.130  0.066  0.111  0.382  0.331  0.096  0.015
   0.131  0.067  0.111  0.377  0.331  0.098  0.016
   0.132  0.069  0.112  0.371  0.332  0.100  0.017
   0.133  0.070  0.113  0.365  0.332  0.101  0.018
   0.134  0.071  0.114  0.360  0.333  0.103  0.019
   0.135  0.073  0.115  0.354  0.333  0.105  0.020
   0.136  0.074  0.116  0.348  0.334  0.106  0.022
   0.137  0.075  0.117  0.342  0.334  0.108  0.023
   0.138  0.077  0.118  0.336  0.335  0.110  0.025
   0.139  0.078  0.119  0.330  0.335  0.111  0.026
   0.140  0.080  0.120  0.324  0.336  0.113  0.028
   0.141  0.081  0.121  0.318  0.336  0.114  0.030
   0.142  0.082  0.122  0.312  0.337  0.116  0.031
   0.143  0.084  0.123  0.306  0.337  0.117  0.033
   0.144  0.085  0.124  0.300  0.337  0.119  0.035
   0.145  0.087  0.125  0.293  0.338  0.120  0.037
   0.146  0.088  0.126  0.287  0.338  0.121  0.039
   0.147  0.090  0.127  0.281  0.338  0.123  0.042
   0.148  0.091  0.128  0.274  0.339  0.124  0.044
   0.149  0.093  0.129  0.268  0.339  0.125  0.046
   0.150  0.094  0.130  0.262  0.339  0.126  0.049
   0.151  0.095  0.131  0.256  0.340  0.127  0.051
   0.152  0.097  0.132  0.249  0.340  0.128  0.054
   0.153  0.098  0.133  0.243  0.340  0.129  0.056
   0.154  0.100  0.134  0.237  0.340  0.130  0.059
   0.155  0.101  0.135  0.230  0.341  0.131  0.062
   0.156  0.102  0.136  0.224  0.341  0.132  0.065
   0.157  0.104  0.137  0.218  0.341  0.133  0.068
   0.158  0.105  0.138  0.211  0.342  0.134  0.071
   0.159  0.106  0.138  0.205  0.342  0.134  0.074
   0.160  0.108  0.139  0.199  0.342  0.135  0.077
   0.161  0.109  0.140  0.193  0.342  0.136  0.080
   0.162  0.110  0.141  0.187  0.343  0.136  0.083
   0.163  0.112  0.142  0.181  0.343  0.137  0.086
   0.164  0.113  0.142  0.175  0.343  0.137  0.090
   0.165  0.114  0.143  0.169  0.344  0.137  0.093
   0.166  0.115  0.144  0.163  0.344  0.138  0.097
   0.167  0.116  0.144  0.157  0.344  0.138  0.100
   0.168  0.117  0.145  0.151  0.345  0.138  0.104
   0.169  0.118  0.145  0.146  0.345  0.138  0.108
   0.170  0.119  0.146  0.140  0.345  0.139  0.111
   0.171  0.120  0.146  0.134  0.346  0.139  0.115
   0.172  0.121  0.147  0.129  0.346  0.139  0.119
   0.173  0.122  0.147  0.123  0.346  0.139  0.123
   0.174  0.123  0.147  0.118  0.347  0.139  0.127
   0.175  0.123  0.147  0.113  0.347  0.138  0.131
   0.176  0.124  0.148  0.108  0.348  0.138  0.135
   0.177  0.125  0.148  0.103  0.348  0.138  0.139
   0.178  0.125  0.148  0.098  0.349  0.138  0.143
   0.179  0.126  0.148  0.093  0.349  0.137  0.147
   0.180  0.127  0.148  0.088  0.350  0.137  0.151
   0.181  0.127  0.148  0.084  0.350  0.136  0.155
   0.182  0.128  0.148  0.079  0.351  0.136  0.159
   0.183  0.128  0.147  0.075  0.351  0.135  0.163
   0.184  0.128  0.147  0.070  0.352  0.135  0.168
   0.185  0.128  0.147  0.066  0.352  0.134  0.172
   0.186  0.129  0.147  0.062  0.353  0.134  0.176
   0.187  0.129  0.146  0.058  0.353  0.133  0.181
   0.188  0.129  0.146  0.054  0.354  0.132  0.185
   0.189  0.129  0.145  0.050  0.355  0.131  0.189
   0.190  0.129  0.145  0.047  0.355  0.130  0.194
   0.191  0.129  0.144  0.043  0.356  0.130  0.198
   0.192  0.129  0.143  0.040  0.357  0.129  0.202
   0.193  0.129  0.143  0.037  0.357  0.128  0.207
   0.194  0.128  0.142  0.034  0.358  0.127  0.211
   0.195  0.128  0.141  0.031  0.359  0.126  0.216
   0.196  0.128  0.140  0.028  0.360  0.125  0.220
   0.197  0.127  0.139  0.025  0.360  0.124  0.224
   0.198  0.127  0.138  0.023  0.361  0.122  0.229
   0.199  0.126  0.137  0.020  0.362  0.121  0.233
   0.200  0.126  0.136  0.018  0.363  0.120  0.237
   0.201  0.125  0.135  0.016  0.364  0.119  0.242
   0.202  0.124  0.134  0.014  0.364  0.118  0.246
   0.203  0.124  0.132  0.012  0.365  0.116  0.250
   0.204  0.123  0.131  0.010  0.366  0.115  0.255
   0.205  0.122  0.130  0.009  0.367  0.114  0.259
   0.206  0.121  0.128  0.007  0.368  0.112  0.263
   0.207  0.120  0.127  0.006  0.369  0.111  0.267
   0.208  0.119  0.125  0.005  0.370  0.110  0.271
   0.209  0.118  0.124  0.004  0.371  0.108  0.276
   0.210  0.117  0.122  0.003  0.371  0.107  0.280
   0.211  0.116  0.121  0.002  0.372  0.106  0.284
   0.212  0.115  0.119  0.001  0.373  0.104  0.288
   0.213  0.113  0.117  0.001  0.374  0.103  0.292
   0.214  0.112  0.115  0.001  0.375  0.101  0.296
   0.215  0.111  0.114  0.000  0.376  0.100  0.299
   0.216  0.109  0.112  0.000  0.377  0.098  0.303
   0.217  0.108  0.110  0.000  0.378  0.097  0.307
   0.218  0.106  0.108  0.000  0.379  0.095  0.311
   0.219  0.105  0.106  0.001  0.380  0.094  0.314
   0.220  0.103  0.104  0.001  0.381  0.092  0.318
   0.221  0.102  0.103  0.002  0.382  0.091  0.321
   0.222  0.100  0.101  0.002  0.383  0.090  0.325
   0.223  0.099  0.099  0.003  0.384  0.088  0.328
   0.224  0.097  0.097  0.004  0.384  0.087  0.332
   0.225  0.095  0.095  0.005  0.385  0.085  0.335
   0.226  0.094  0.093  0.006  0.386  0.084  0.338
   0.227  0.092  0.091  0.007  0.387  0.082  0.341
   0.228  0.090  0.089  0.008  0.388  0.081  0.344
   0.229  0.088  0.087  0.010  0.389  0.079  0.347
   0.230  0.087  0.085  0.011  0.390  0.078  0.350
   0.231  0.085  0.083  0.013  0.390  0.076  0.353
   0.232  0.083  0.081  0.014  0.391  0.075  0.355
   0.233  0.081  0.079  0.016  0.392  0.074  0.358
   0.234  0.079  0.077  0.018  0.393  0.072  0.361
   0.235  0.078  0.075  0.020  0.394  0.071  0.363
   0.236  0.076  0.073  0.022  0.394  0.069  0.365
   0.237  0.074  0.071  0.024  0.395  0.068  0.368
   0.238  0.072  0.069  0.026  0.396  0.067  0.370
   0.239  0.070  0.067  0.029  0.396  0.065  0.372
   0.240  0.069  0.065  0.031  0.397  0.064  0.374
   0.241  0.067  0.063  0.034  0.397  0.063  0.376
   0.242  0.065  0.062  0.036  0.398  0.062  0.378
   0.243  0.063  0.060  0.039  0.399  0.060  0.380
   0.244  0.061  0.058  0.041  0.399  0.059  0.381
   0.245  0.060  0.056  0.044  0.399  0.058  0.383
   0.246  0.058  0.055  0.047  0.400  0.057  0.384
   0.247  0.056  0.053  0.050  0.400  0.055  0.386
   0.248  0.054  0.051  0.052  0.401  0.054  0.387
   0.249  0.053  0.050  0.055  0.401  0.053  0.388
   0.250  0.051  0.048  0.058  0.401  0.052  0.389
   0.251  0.049  0.047  0.061  0.401  0.051  0.390
   0.252  0.048  0.045  0.064  0.402  0.050  0.391
   0.253  0.046  0.044  0.067  0.402  0.049  0.392
   0.254  0.045  0.042  0.070  0.402  0.048  0.393
   0.255  0.043  0.041  0.074  0.402  0.047  0.394
   0.256  0.042  0.040  0.077  0.402  0.045  0.394
   0.257  0.040  0.039  0.080  0.402  0.044  0.395
   0.258  0.039  0.038  0.083  0.402  0.044  0.395
   0.259  0.038  0.037  0.086  0.402  0.043  0.395
   0.260  0.036  0.036  0.090  0.401  0.042  0.395
   0.261  0.035  0.035  0.093  0.401  0.041  0.395
   0.262  0.034  0.034  0.096  0.401  0.040  0.395
   0.263  0.033  0.033  0.099  0.401  0.039  0.395
   0.264  0.032  0.032  0.103  0.400  0.038  0.395
   0.265  0.031  0.032  0.106  0.400  0.037  0.395
   0.266  0.030  0.031  0.109  0.399  0.036  0.394
   0.267  0.029  0.030  0.113  0.399  0.036  0.394
   0.268  0.028  0.030  0.116  0.398  0.035  0.393
   0.269  0.027  0.030  0.119  0.397  0.034  0.393
   0.270  0.026  0.029  0.122  0.397  0.033  0.392
   0.271  0.026  0.029  0.126  0.396  0.032  0.391
   0.272  0.025  0.029  0.129  0.395  0.032  0.390
   0.273  0.024  0.029  0.132  0.394  0.031  0.389
   0.274  0.024  0.029  0.135  0.393  0.030  0.388
   0.275  0.023  0.029  0.139  0.392  0.030  0.387
   0.276  0.023  0.029  0.142  0.391  0.029  0.386
   0.277  0.023  0.029  0.145  0.390  0.028  0.385
   0.278  0.022  0.029  0.148  0.389  0.028  0.384
   0.279  0.022  0.030  0.151  0.388  0.027  0.382
   0.280  0.022  0.030  0.155  0.387  0.026  0.381
   0.281  0.022  0.030  0.158  0.385  0.026  0.379
   0.282  0.022  0.031  0.161  0.384  0.025  0.377
   0.283  0.022  0.032  0.164  0.382  0.024  0.376
   0.284  0.022  0.032  0.167  0.381  0.024  0.374
   0.285  0.022  0.033  0.170  0.379  0.023  0.372
   0.286  0.022  0.034  0.173  0.378  0.023  0.370
   0.287  0.023  0.035  0.176  0.376  0.022  0.368
   0.288  0.023  0.036  0.179  0.374  0.022  0.366
   0.289  0.024  0.037  0.182  0.373  0.021  0.364
   0.290  0.024  0.038  0.185  0.371  0.020  0.362
   0.291  0.025  0.039  0.187  0.369  0.020  0.360
   0.292  0.025  0.040  0.190  0.367  0.019  0.358
   0.293  0.026  0.041  0.193  0.365  0.019  0.356
   0.294  0.027  0.043  0.196  0.363  0.018  0.353
   0.295  0.028  0.044  0.199  0.361  0.018  0.351
   0.296  0.028  0.046  0.201  0.359  0.017  0.349
   0.297  0.029  0.047  0.204  0.357  0.017  0.346
   0.298  0.030  0.049  0.207  0.354  0.016  0.344
   0.299  0.031  0.050  0.209  0.352  0.016  0.341
   0.300  0.032  0.052  0.212  0.350  0.015  0.339
   0.301  0.034  0.054  0.214  0.347  0.015  0.336
   0.302  0.035  0.056  0.217  0.345  0.014  0.334
   0.303  0.036  0.057  0.219  0.342  0.014  0.331
   0.304  0.037  0.059  0.222  0.340  0.013  0.328
   0.305  0.039  0.061  0.224  0.337  0.013  0.326
   0.306  0.040  0.063  0.227  0.335  0.012  0.323
   0.307  0.041  0.065  0.229  0.332  0.012  0.320
   0.308  0.043  0.067  0.232  0.330  0.011  0.317
   0.309  0.044  0.069  0.234  0.327  0.011  0.315
   0.310  0.046  0.071  0.236  0.324  0.010  0.312
   0.311  0.048  0.073  0.239  0.321  0.010  0.309
   0.312  0.049  0.076  0.241  0.319  0.009  0.306
   0.313  0.051  0.078  0.243  0.316  0.009  0.303
   0.314  0.053  0.080  0.245  0.313  0.009  0.300
   0.315  0.054  0.082  0.248  0.310  0.008  0.298
   0.316  0.056  0.084  0.250  0.307  0.008  0.295
   0.317  0.058  0.087  0.252  0.304  0.007  0.292
   0.318  0.060  0.089  0.254  0.301  0.007  0.289
   0.319  0.062  0.091  0.257  0.298  0.006  0.286
   0.320  0.063  0.093  0.259  0.295  0.006  0.283
   0.321  0.065  0.096  0.261  0.292  0.006  0.280
   0.322  0.067  0.098  0.263  0.289  0.005  0.277
   0.323  0.069  0.100  0.265  0.286  0.005  0.274
   0.324  0.071  0.102  0.268  0.283  0.004  0.271
   0.325  0.073  0.105  0.270  0.280  0.004  0.269
   0.326  0.075  0.107  0.272  0.277  0.004  0.266
   0.327  0.077  0.109  0.274  0.274  0.003  0.263
   0.328  0.079  0.111  0.276  0.271  0.003  0.260
   0.329  0.081  0.114  0.279  0.267  0.003  0.257
   0.330  0.083  0.116  0.281  0.264  0.002  0.254
   0.331  0.085  0.118  0.283  0.261  0.002  0.251
   0.332  0.087  0.120  0.285  0.258  0.002  0.248
   0.333  0.089  0.122  0.287  0.255  0.002  0.245
   0.334  0.090  0.124  0.290  0.252  0.001  0.242
   0.335  0.092  0.127  0.292  0.249  0.001  0.240
   0.336  0.094  0.129  0.294  0.245  0.001  0.237
   0.337  0.096  0.131  0.296  0.242  0.001  0.234
   0.338  0.098  0.133  0.299  0.239  0.000  0.231
   0.339  0.100  0.134  0.301  0.236  0.000  0.228
   0.340  0.102  0.136  0.303  0.233  0.000  0.225
   0.341  0.104  0.138  0.306  0.230  0.000  0.223
   0.342  0.105  0.140  0.308  0.227  0.000  0.220
   0.343  0.107  0.142  0.310  0.224  0.000  0.217
   0.344  0.109  0.144  0.313  0.221  0.000  0.214
   0.345  0.110  0.145  0.315  0.218  0.000  0.212
   0.346  0.112  0.147  0.317  0.215  0.000  0.209
   0.347  0.114  0.148  0.320  0.211  0.000  0.206
   0.348  0.115  0.150  0.322  0.208  0.000  0.204
   0.349  0.117  0.151  0.325  0.206  0.001  0.201
   0.350  0.118  0.153  0.327  0.203  0.001  0.198
   0.351  0.120  0.154  0.330  0.200  0.001  0.196
   0.352  0.121  0.156  0.332  0.197  0.001  0.193
   0.353  0.123  0.157  0.335  0.194  0.002  0.190
   0.354  0.124  0.158  0.337  0.191  0.002  0.188
   0.355  0.125  0.159  0.340  0.188  0.002  0.185
   0.356  0.127  0.160  0.342  0.185  0.003  0.183
   0.357  0.128  0.161  0.345  0.183  0.003  0.180
   0.358  0.129  0.162  0.348  0.180  0.004  0.178
   0.359  0.130  0.163  0.350  0.177  0.004  0.175
   0.360  0.131  0.164  0.353  0.174  0.005  0.173
   0.361  0.132  0.165  0.356  0.172  0.006  0.170
   0.362  0.133  0.165  0.358  0.169  0.006  0.168
   0.363  0.134  0.166  0.361  0.167  0.007  0.165
   0.364  0.135  0.167  0.364  0.164  0.008  0.163
   0.365  0.135  0.167  0.367  0.162  0.009  0.160
   0.366  0.136  0.168  0.369  0.159  0.010  0.158
   0.367  0.137  0.168  0.372  0.157  0.011  0.155
   0.368  0.137  0.168  0.375  0.154  0.012  0.153
   0.369  0.138  0.169  0.378  0.152  0.013  0.151
   0.370  0.138  0.169  0.381  0.150  0.014  0.148
   0.371  0.139  0.169  0.383  0.147  0.016  0.146
   0.372  0.139  0.169  0.386  0.145  0.017  0.144
   0.373  0.139  0.169  0.389  0.143  0.018  0.141
   0.374  0.140  0.169  0.392  0.141  0.020  0.139
   0.375  0.140  0.169  0.395  0.139  0.021  0.137
   0.376  0.140  0.169  0.397  0.137  0.023  0.134
   0.377  0.140  0.169  0.400  0.135  0.025  0.132
   0.378  0.140  0.168  0.403  0.133  0.026  0.130
   0.379  0.140  0.168  0.406  0.131  0.028  0.127
   0.380  0.140  0.168  0.409  0.129  0.030  0.125
   0.381  0.140  0.167  0.411  0.127  0.032  0.123
   0.382  0.139  0.167  0.414  0.125  0.034  0.121
   0.383  0.139  0.166  0.417  0.123  0.036  0.118
   0.384  0.139  0.166  0.419  0.122  0.038  0.116
   0.385  0.138  0.165  0.422  0.120  0.040  0.114
   0.386  0.138  0.165  0.425  0.118  0.043  0.112
   0.387  0.137  0.164  0.427  0.117  0.045  0.110
   0.388  0.137  0.163  0.430  0.115  0.047  0.107
   0.389  0.136  0.163  0.433  0.114  0.050  0.105
   0.390  0.136  0.162  0.435  0.112  0.052  0.103
   0.391  0.135  0.161  0.437  0.111  0.055  0.101
   0.392  0.134  0.160  0.440  0.109  0.058  0.099
   0.393  0.133  0.159  0.442  0.108  0.060  0.097
   0.394  0.132  0.158  0.445  0.107  0.063  0.095
   0.395  0.131  0.158  0.447  0.106  0.066  0.092
   0.396  0.131  0.157  0.449  0.104  0.069  0.090
   0.397  0.130  0.156  0.451  0.103  0.072  0.088
   0.398  0.129  0.155  0.454  0.102  0.075  0.086
   0.399  0.127  0.154  0.456  0.101  0.078  0.084
   0.400  0.126  0.153  0.458  0.100  0.081  0.082
   0.401  0.125  0.152  0.460  0.099  0.085  0.080
   0.402  0.124  0.151  0.461  0.098  0.088  0.078
   0.403  0.123  0.150  0.463  0.097  0.091  0.076
   0.404  0.122  0.149  0.465  0.096  0.095  0.074
   0.405  0.120  0.148  0.467  0.095  0.098  0.072
   0.406  0.119  0.147  0.468  0.094  0.102  0.070
   0.407  0.118  0.146  0.470  0.094  0.106  0.068
   0.408  0.116  0.145  0.471  0.093  0.109  0.066
   0.409  0.115  0.144  0.472  0.092  0.113  0.064
   0.410  0.114  0.143  0.473  0.091  0.117  0.062
   0.411  0.112  0.142  0.475  0.091  0.121  0.060
   0.412  0.111  0.141  0.476  0.090  0.125  0.058
   0.413  0.109  0.140  0.477  0.090  0.129  0.056
   0.414  0.108  0.139  0.477  0.089  0.132  0.054
   0.415  0.106  0.138  0.478  0.088  0.137  0.053
   0.416  0.105  0.137  0.479  0.088  0.141  0.051
   0.417  0.103  0.136  0.479  0.088  0.145  0.049
   0.418  0.102  0.136  0.480  0.087  0.149  0.047
   0.419  0.100  0.135  0.480  0.087  0.153  0.045
   0.420  0.099  0.134  0.480  0.086  0.157  0.044
   0.421  0.097  0.133  0.480  0.086  0.162  0.042
   0.422  0.096  0.133  0.480  0.086  0.166  0.040
   0.423  0.094  0.132  0.480  0.085  0.170  0.038
   0.424  0.093  0.132  0.480  0.085  0.174  0.037
   0.425  0.091  0.131  0.479  0.085  0.179  0.035
   0.426  0.090  0.131  0.479  0.084  0.183  0.034
   0.427  0.088  0.130  0.478  0.084  0.188  0.032
   0.428  0.087  0.130  0.477  0.084  0.192  0.031
   0.429  0.085  0.129  0.476  0.084  0.196  0.029
   0.430  0.084  0.129  0.475  0.084  0.201  0.028
   0.431  0.082  0.129  0.474  0.084  0.205  0.026
   0.432  0.081  0.129  0.473  0.083  0.210  0.025
   0.433  0.079  0.129  0.471  0.083  0.214  0.023
   0.434  0.078  0.129  0.470  0.083  0.219  0.022
   0.435  0.076  0.129  0.468  0.083  0.223  0.021
   0.436  0.075  0.129  0.466  0.083  0.228  0.020
   0.437  0.074  0.129  0.464  0.083  0.232  0.018
   0.438  0.072  0.129  0.462  0.083  0.237  0.017
   0.439  0.071  0.129  0.460  0.083  0.241  0.016
   0.440  0.070  0.130  0.457  0.083  0.245  0.015
   0.441  0.069  0.130  0.455  0.083  0.250  0.014
   0.442  0.067  0.130  0.452  0.083  0.254  0.013
   0.443  0.066  0.131  0.449  0.083  0.259  0.012
   0.444  0.065  0.131  0.447  0.083  0.263  0.011
   0.445  0.064  0.132  0.444  0.083  0.267  0.010
   0.446  0.063  0.133  0.440  0.083  0.271  0.010
   0.447  0.062  0.133  0.437  0.083  0.276  0.009
   0.448  0.061  0.134  0.434  0.083  0.280  0.008
   0.449  0.060  0.135  0.430  0.083  0.284  0.008
   0.450  0.059  0.136  0.426  0.083  0.288  0.007
   0.451  0.058  0.137  0.423  0.084  0.292  0.007
   0.452  0.057  0.138  0.419  0.084  0.296  0.006
   0.453  0.056  0.139  0.415  0.084  0.300  0.006
   0.454  0.055  0.141  0.411  0.084  0.304  0.006
   0.455  0.054  0.142  0.406  0.084  0.308  0.005
   0.456  0.053  0.143  0.402  0.084  0.312  0.005
   0.457  0.053  0.144  0.398  0.084  0.316  0.005
   0.458  0.052  0.146  0.393  0.085  0.319  0.005
   0.459  0.051  0.147  0.388  0.085  0.323  0.005
   0.460  0.051  0.149  0.384  0.085  0.326  0.005
   0.461  0.050  0.151  0.379  0.085  0.330  0.005
   0.462  0.050  0.152  0.374  0.085  0.333  0.006
   0.463  0.049  0.154  0.369  0.085  0.337  0.006
   0.464  0.049  0.156  0.364  0.086  0.340  0.006
   0.465  0.048  0.157  0.358  0.086  0.343  0.007
   0.466  0.048  0.159  0.353  0.086  0.346  0.007
   0.467  0.047  0.161  0.348  0.086  0.349  0.008
   0.468  0.047  0.163  0.342  0.087  0.352  0.009
   0.469  0.047  0.165  0.337  0.087  0.355  0.009
   0.470  0.047  0.167  0.331  0.087  0.358  0.010
   0.471  0.046  0.169  0.325  0.087  0.361  0.011
   0.472  0.046  0.171  0.320  0.087  0.363  0.012
   0.473  0.046  0.174  0.314  0.088  0.366  0.013
   0.474  0.046  0.176  0.308  0.088  0.368  0.014
   0.475  0.046  0.178  0.302  0.088  0.371  0.015
   0.476  0.046  0.180  0.296  0.089  0.373  0.017
   0.477  0.046  0.182  0.290  0.089  0.375  0.018
   0.478  0.046  0.185  0.284  0.089  0.377  0.019
   0.479  0.046  0.187  0.278  0.089  0.379  0.021
   0.480  0.046  0.189  0.272  0.090  0.381  0.022
   0.481  0.046  0.191  0.266  0.090  0.383  0.024
   0.482  0.046  0.194  0.260  0.090  0.385  0.026
   0.483  0.046  0.196  0.253  0.091  0.386  0.028
   0.484  0.046  0.198  0.247  0.091  0.388  0.030
   0.485  0.046  0.201  0.241  0.091  0.389  0.031
   0.486  0.046  0.203  0.235  0.092  0.390  0.033
   0.487  0.047  0.206  0.229  0.092  0.392  0.036
   0.488  0.047  0.208  0.222  0.092  0.393  0.038
   0.489  0.047  0.210  0.216  0.093  0.394  0.040
   0.490  0.047  0.213  0.210  0.093  0.395  0.042
   0.491  0.048  0.215  0.204  0.094  0.395  0.045
   0.492  0.048  0.217  0.198  0.094  0.396  0.047
   0.493  0.048  0.219  0.192  0.095  0.397  0.049
   0.494  0.048  0.222  0.186  0.095  0.397  0.052
   0.495  0.049  0.224  0.180  0.096  0.398  0.055
   0.496  0.049  0.226  0.174  0.096  0.398  0.057
   0.497  0.049  0.228  0.168  0.097  0.398  0.060
   0.498  0.050  0.230  0.162  0.097  0.398  0.063
   0.499  0.050  0.232  0.156  0.098  0.398  0.066
   0.500  0.050  0.235  0.150  0.098  0.398  0.069
   0.501  0.051  0.237  0.145  0.099  0.398  0.072
   0.502  0.051  0.239  0.139  0.099  0.397  0.075
   0.503  0.051  0.240  0.133  0.100  0.397  0.078
   0.504  0.052  0.242  0.128  0.100  0.397  0.081
   0.505  0.052  0.244  0.122  0.101  0.396  0.084
   0.506  0.053  0.246  0.117  0.102  0.395  0.087
   0.507  0.053  0.248  0.112  0.102  0.394  0.091
   0.508  0.053  0.249  0.107  0.103  0.394  0.094
   0.509  0.054  0.251  0.102  0.104  0.393  0.097
   0.510  0.054  0.253  0.097  0.105  0.392  0.101
   0.511  0.054  0.254  0.092  0.105  0.390  0.104
   0.512  0.054  0.255  0.087  0.106  0.389  0.108
   0.513  0.055  0.257  0.082  0.107  0.388  0.111
   0.514  0.055  0.258  0.078  0.108  0.387  0.115
   0.515  0.055  0.259  0.073  0.109  0.385  0.119
   0.516  0.056  0.260  0.069  0.109  0.384  0.122
   0.517  0.056  0.261  0.065  0.110  0.382  0.126
   0.518  0.056  0.262  0.060  0.111  0.380  0.130
   0.519  0.056  0.263  0.056  0.112  0.379  0.133
   0.520  0.057  0.264  0.053  0.113  0.377  0.137
   0.521  0.057  0.265  0.049  0.114  0.375  0.141
   0.522  0.057  0.266  0.045  0.115  0.373  0.144
   0.523  0.057  0.266  0.042  0.116  0.371  0.148
   0.524  0.057  0.267  0.038  0.117  0.369  0.152
   0.525  0.057  0.267  0.035  0.118  0.367  0.156
   0.526  0.057  0.267  0.032  0.119  0.364  0.159
   0.527  0.057  0.268  0.029  0.120  0.362  0.163
   0.528  0.058  0.268  0.026  0.121  0.360  0.167
   0.529  0.058  0.268  0.024  0.123  0.357  0.171
   0.530  0.058  0.268  0.021  0.124  0.355  0.175
   0.531  0.058  0.268  0.019  0.125  0.352  0.178
   0.532  0.058  0.268  0.017  0.126  0.350  0.182
   0.533  0.058  0.267  0.014  0.127  0.347  0.186
   0.534  0.057  0.267  0.012  0.129  0.345  0.190
   0.535  0.057  0.267  0.011  0.130  0.342  0.193
   0.536  0.057  0.266  0.009  0.131  0.339  0.197
   0.537  0.057  0.265  0.007  0.133  0.337  0.201
   0.538  0.057  0.265  0.006  0.134  0.334  0.204
   0.539  0.057  0.264  0.005  0.135  0.331  0.208
   0.540  0.057  0.263  0.004  0.137  0.328  0.212
   0.541  0.056  0.262  0.003  0.138  0.325  0.215
   0.542  0.056  0.261  0.002  0.140  0.323  0.219
   0.543  0.056  0.260  0.001  0.141  0.320  0.222
   0.544  0.056  0.258  0.001  0.143  0.317  0.226
   0.545  0.055  0.257  0.000  0.144  0.314  0.229
   0.546  0.055  0.256  0.000  0.146  0.311  0.233
   0.547  0.055  0.254  0.000  0.147  0.308  0.236
   0.548  0.054  0.253  0.000  0.149  0.305  0.239
   0.549  0.054  0.251  0.000  0.150  0.302  0.243
   0.550  0.054  0.249  0.000  0.152  0.299  0.246
   0.551  0.053  0.247  0.001  0.154  0.296  0.249
   0.552  0.053  0.246  0.001  0.155  0.293  0.252
   0.553  0.052  0.244  0.002  0.157  0.290  0.255
   0.554  0.052  0.242  0.003  0.159  0.287  0.258
   0.555  0.052  0.239  0.004  0.160  0.284  0.261
   0.556  0.051  0.237  0.005  0.162  0.281  0.264
   0.557  0.051  0.235  0.006  0.164  0.278  0.267
   0.558  0.050  0.233  0.007  0.165  0.275  0.269
   0.559  0.050  0.231  0.009  0.167  0.272  0.272
   0.560  0.049  0.228  0.010  0.169  0.269  0.275
   0.561  0.049  0.226  0.012  0.171  0.266  0.277
   0.562  0.048  0.223  0.014  0.172  0.263  0.280
   0.563  0.048  0.221  0.016  0.174  0.260  0.282
   0.564  0.047  0.218  0.017  0.176  0.257  0.285
   0.565  0.047  0.215  0.020  0.178  0.254  0.287
   0.566  0.046  0.213  0.022  0.180  0.251  0.289
   0.567  0.045  0.210  0.024  0.181  0.248  0.291
   0.568  0.045  0.207  0.026  0.183  0.245  0.293
   0.569  0.044  0.204  0.029  0.185  0.242  0.295
   0.570  0.044  0.202  0.031  0.187  0.239  0.297
   0.571  0.043  0.199  0.034  0.189  0.236  0.299
   0.572  0.043  0.196  0.036  0.191  0.233  0.301
   0.573  0.042  0.193  0.039  0.192  0.231  0.303
   0.574  0.042  0.190  0.042  0.194  0.228  0.304
   0.575  0.041  0.187  0.045  0.196  0.225  0.306
   0.576  0.041  0.184  0.048  0.198  0.222  0.307
   0.577  0.040  0.181  0.051  0.200  0.220  0.309
   0.578  0.040  0.178  0.054  0.202  0.217  0.310
   0.579  0.039  0.175  0.057  0.203  0.214  0.311
   0.580  0.039  0.172  0.060  0.205  0.211  0.312
   0.581  0.039  0.169  0.063  0.207  0.209  0.313
   0.582  0.038  0.166  0.066  0.209  0.206  0.314
   0.583  0.038  0.163  0.069  0.211  0.204  0.315
   0.584  0.037  0.160  0.073  0.212  0.201  0.316
   0.585  0.037  0.158  0.076  0.214  0.198  0.317
   0.586  0.037  0.155  0.079  0.216  0.196  0.318
   0.587  0.036  0.152  0.083  0.218  0.193  0.318
   0.588  0.036  0.149  0.086  0.219  0.191  0.319
   0.589  0.036  0.146  0.090  0.221  0.188  0.319
   0.590  0.036  0.143  0.093  0.223  0.186  0.320
   0.591  0.035  0.140  0.096  0.224  0.183  0.320
   0.592  0.035  0.137  0.100  0.226  0.181  0.320
   0.593  0.035  0.135  0.103  0.228  0.179  0.320
   0.594  0.035  0.132  0.107  0.229  0.176  0.320
   0.595  0.035  0.129  0.110  0.231  0.174  0.321
   0.596  0.035  0.127  0.114  0.233  0.172  0.320
   0.597  0.035  0.124  0.117  0.234  0.169  0.320
   0.598  0.035  0.122  0.121  0.236  0.167  0.320
   0.599  0.035  0.119  0.124  0.237  0.165  0.320
   0.600  0.035  0.117  0.128  0.239  0.163  0.320
   0.601  0.035  0.114  0.131  0.240  0.160  0.319
   0.602  0.035  0.112  0.134  0.242  0.158  0.319
   0.603  0.035  0.110  0.138  0.243  0.156  0.318
   0.604  0.035  0.107  0.141  0.244  0.154  0.318
   0.605  0.036  0.105  0.145  0.246  0.152  0.317
   0.606  0.036  0.103  0.148  0.247  0.149  0.317
   0.607  0.036  0.101  0.151  0.248  0.147  0.316
   0.608  0.037  0.099  0.154  0.249  0.145  0.315
   0.609  0.037  0.097  0.158  0.251  0.143  0.314
   0.610  0.037  0.095  0.161  0.252  0.141  0.314
   0.611  0.038  0.094  0.164  0.253  0.139  0.313
   0.612  0.038  0.092  0.167  0.254  0.137  0.312
   0.613  0.039  0.090  0.170  0.255  0.135  0.311
   0.614  0.039  0.089  0.173  0.256  0.133  0.310
   0.615  0.040  0.087  0.176  0.257  0.131  0.309
   0.616  0.040  0.086  0.179  0.258  0.129  0.308
   0.617  0.041  0.085  0.182  0.259  0.127  0.307
   0.618  0.042  0.083  0.185  0.260  0.125  0.305
   0.619  0.042  0.082  0.188  0.261  0.123  0.304
   0.620  0.043  0.081  0.190  0.262  0.121  0.303
   0.621  0.044  0.080  0.193  0.262  0.119  0.302
   0.622  0.045  0.079  0.196  0.263  0.117  0.300
   0.623  0.046  0.078  0.199  0.264  0.115  0.299
   0.624  0.047  0.077  0.201  0.264  0.113  0.298
   0.625  0.047  0.077  0.204  0.265  0.111  0.296
   0.626  0.048  0.076  0.206  0.266  0.109  0.295
   0.627  0.049  0.075  0.209  0.266  0.107  0.294
   0.628  0.050  0.075  0.211  0.267  0.105  0.292
   0.629  0.051  0.075  0.213  0.267  0.103  0.291
   0.630  0.052  0.074  0.216  0.267  0.101  0.289
   0.631  0.054  0.074  0.218  0.268  0.099  0.288
   0.632  0.055  0.074  0.220  0.268  0.097  0.286
   0.633  0.056  0.074  0.222  0.268  0.095  0.285
   0.634  0.057  0.074  0.224  0.269  0.093  0.283
   0.635  0.058  0.074  0.227  0.269  0.091  0.282
   0.636  0.059  0.074  0.229  0.269  0.089  0.280
   0.637  0.061  0.074  0.231  0.269  0.087  0.279
   0.638  0.062  0.074  0.233  0.269  0.085  0.277
   0.639  0.063  0.074  0.234  0.269  0.084  0.276
   0.640  0.064  0.075  0.236  0.269  0.082  0.274
   0.641  0.066  0.075  0.238  0.269  0.080  0.273
   0.642  0.067  0.076  0.240  0.269  0.078  0.271
   0.643  0.068  0.076  0.242  0.268  0.076  0.270
   0.644  0.069  0.077  0.243  0.268  0.074  0.268
   0.645  0.071  0.078  0.245  0.268  0.072  0.267
   0.646  0.072  0.078  0.247  0.268  0.070  0.265
   0.647  0.074  0.079  0.248  0.267  0.068  0.264
   0.648  0.075  0.080  0.250  0.267  0.066  0.262
   0.649  0.076  0.081  0.252  0.266  0.064  0.261
   0.650  0.078  0.082  0.253  0.266  0.062  0.259
   0.651  0.079  0.083  0.255  0.265  0.060  0.258
   0.652  0.080  0.084  0.256  0.265  0.059  0.256
   0.653  0.082  0.085  0.258  0.264  0.057  0.255
   0.654  0.083  0.086  0.259  0.263  0.055  0.254
   0.655  0.084  0.087  0.260  0.263  0.053  0.252
   0.656  0.086  0.088  0.262  0.262  0.051  0.251
   0.657  0.087  0.090  0.263  0.261  0.049  0.250
   0.658  0.088  0.091  0.265  0.260  0.047  0.248
   0.659  0.090  0.092  0.266  0.259  0.046  0.247
   0.660  0.091  0.093  0.268  0.259  0.044  0.246
   0.661  0.092  0.095  0.269  0.258  0.042  0.244
   0.662  0.094  0.096  0.270  0.257  0.040  0.243
   0.663  0.095  0.097  0.272  0.256  0.039  0.242
   0.664  0.096  0.099  0.273  0.255  0.037  0.241
   0.665  0.097  0.100  0.274  0.253  0.035  0.239
   0.666  0.099  0.101  0.276  0.252  0.034  0.238
   0.667  0.100  0.103  0.277  0.251  0.032  0.237
   0.668  0.101  0.104  0.278  0.250  0.030  0.236
   0.669  0.102  0.106  0.280  0.249  0.029  0.235
   0.670  0.103  0.107  0.281  0.247  0.027  0.234
   0.671  0.104  0.108  0.283  0.246  0.026  0.233
   0.672  0.106  0.110  0.284  0.245  0.024  0.232
   0.673  0.107  0.111  0.285  0.243  0.023  0.230
   0.674  0.108  0.113  0.287  0.242  0.022  0.229
   0.675  0.109  0.114  0.288  0.241  0.020  0.228
   0.676  0.110  0.115  0.290  0.239  0.019  0.227
   0.677  0.110  0.117  0.291  0.238  0.018  0.226
   0.678  0.111  0.118  0.293  0.236  0.016  0.225
   0.679  0.112  0.119  0.294  0.235  0.015  0.224
   0.680  0.113  0.120  0.296  0.233  0.014  0.223
   0.681  0.114  0.122  0.297  0.231  0.013  0.222
   0.682  0.115  0.123  0.299  0.230  0.012  0.222
   0.683  0.115  0.124  0.301  0.228  0.011  0.221
   0.684  0.116  0.125  0.302  0.227  0.010  0.220
   0.685  0.117  0.126  0.304  0.225  0.009  0.219
   0.686  0.117  0.127  0.306  0.223  0.009  0.218
   0.687  0.118  0.128  0.307  0.221  0.008  0.217
   0.688  0.118  0.129  0.309  0.220  0.007  0.216
   0.689  0.119  0.130  0.311  0.218  0.007  0.215
   0.690  0.119  0.131  0.313  0.216  0.006  0.214
   0.691  0.120  0.132  0.314  0.214  0.006  0.214
   0.692  0.120  0.133  0.316  0.213  0.006  0.213
   0.693  0.120  0.134  0.318  0.211  0.005  0.212
   0.694  0.121  0.134  0.320  0.209  0.005  0.211
   0.695  0.121  0.135  0.322  0.207  0.005  0.210
   0.696  0.121  0.136  0.324  0.205  0.005  0.209
   0.697  0.121  0.136  0.326  0.203  0.005  0.208
   0.698  0.121  0.137  0.328  0.201  0.005  0.208
   0.699  0.122  0.137  0.330  0.200  0.005  0.207
   0.700  0.122  0.137  0.332  0.198  0.006  0.206
   0.701  0.122  0.138  0.334  0.196  0.006  0.205
   0.702  0.122  0.138  0.336  0.194  0.007  0.204
   0.703  0.122  0.138  0.338  0.192  0.007  0.203
   0.704  0.121  0.138  0.340  0.190  0.008  0.202
   0.705  0.121  0.139  0.342  0.188  0.009  0.201
   0.706  0.121  0.139  0.344  0.186  0.010  0.200
   0.707  0.121  0.139  0.347  0.184  0.011  0.199
   0.708  0.121  0.138  0.349  0.182  0.012  0.199
   0.709  0.120  0.138  0.351  0.180  0.013  0.198
   0.710  0.120  0.138  0.353  0.178  0.014  0.197
   0.711  0.120  0.138  0.355  0.176  0.015  0.196
   0.712  0.119  0.137  0.358  0.174  0.017  0.195
   0.713  0.119  0.137  0.360  0.172  0.019  0.194
   0.714  0.118  0.137  0.362  0.170  0.020  0.193
   0.715  0.118  0.136  0.364  0.168  0.022  0.192
   0.716  0.117  0.135  0.366  0.166  0.024  0.191
   0.717  0.117  0.135  0.369  0.164  0.026  0.190
   0.718  0.116  0.134  0.371  0.162  0.028  0.188
   0.719  0.116  0.133  0.373  0.160  0.030  0.187
   0.720  0.115  0.133  0.375  0.158  0.033  0.186
   0.721  0.114  0.132  0.377  0.156  0.035  0.185
   0.722  0.114  0.131  0.380  0.154  0.038  0.184
   0.723  0.113  0.130  0.382  0.152  0.040  0.183
   0.724  0.112  0.129  0.384  0.150  0.043  0.181
   0.725  0.112  0.128  0.386  0.148  0.046  0.180
   0.726  0.111  0.127  0.388  0.146  0.049  0.179
   0.727  0.110  0.125  0.390  0.144  0.052  0.178
   0.728  0.109  0.124  0.392  0.143  0.055  0.176
   0.729  0.109  0.123  0.394  0.141  0.059  0.175
   0.730  0.108  0.121  0.396  0.139  0.062  0.174
   0.731  0.107  0.120  0.398  0.137  0.066  0.172
   0.732  0.106  0.119  0.400  0.135  0.069  0.171
   0.733  0.106  0.117  0.402  0.133  0.073  0.170
   0.734  0.105  0.116  0.403  0.131  0.077  0.168
   0.735  0.104  0.114  0.405  0.129  0.081  0.167
   0.736  0.103  0.113  0.407  0.127  0.085  0.165
   0.737  0.102  0.111  0.408  0.126  0.089  0.164
   0.738  0.101  0.109  0.410  0.124  0.093  0.162
   0.739  0.101  0.108  0.411  0.122  0.097  0.161
   0.740  0.100  0.106  0.413  0.120  0.102  0.159
   0.741  0.099  0.104  0.414  0.118  0.106  0.158
   0.742  0.098  0.102  0.416  0.117  0.111  0.156
   0.743  0.098  0.100  0.417  0.115  0.116  0.155
   0.744  0.097  0.099  0.418  0.113  0.120  0.153
   0.745  0.096  0.097  0.419  0.111  0.125  0.152
   0.746  0.095  0.095  0.420  0.110  0.130  0.150
   0.747  0.095  0.093  0.421  0.108  0.135  0.148
   0.748  0.094  0.091  0.422  0.106  0.140  0.147
   0.749  0.093  0.089  0.422  0.104  0.146  0.145
   0.750  0.092  0.087  0.423  0.103  0.151  0.143
   0.751  0.092  0.085  0.424  0.101  0.156  0.142
   0.752  0.091  0.084  0.424  0.100  0.162  0.140
   0.753  0.091  0.082  0.424  0.098  0.167  0.138
   0.754  0.090  0.080  0.425  0.096  0.173  0.137
   0.755  0.089  0.078  0.425  0.095  0.178  0.135
   0.756  0.089  0.076  0.425  0.093  0.184  0.133
   0.757  0.088  0.074  0.425  0.092  0.190  0.132
   0.758  0.088  0.072  0.425  0.090  0.195  0.130
   0.759  0.087  0.070  0.424  0.089  0.201  0.128
   0.760  0.087  0.068  0.424  0.087  0.207  0.127
   0.761  0.087  0.066  0.423  0.086  0.213  0.125
   0.762  0.086  0.064  0.423  0.084  0.219  0.124
   0.763  0.086  0.062  0.422  0.083  0.225  0.122
   0.764  0.086  0.061  0.421  0.081  0.231  0.120
   0.765  0.085  0.059  0.420  0.080  0.237  0.119
   0.766  0.085  0.057  0.419  0.078  0.243  0.117
   0.767  0.085  0.055  0.418  0.077  0.249  0.116
   0.768  0.085  0.053  0.417  0.076  0.255  0.114
